140 140
57 89 39 63 76 3 58 25 26 75 79 21 19 6 47 32 1 90 58 25 41 87 30 17 81 26 11 10 95 89 98 59 30 97 11 89 91 32 2 9 48 66 21 80 15 33 2 12 49 32 3 13 51 87 72 24 6 48 72 94 5 28 49 89 50 50 77 3 26 98 6 86 87 66 40 40 8 66 3 10 85 97 64 14 28 38 53 10 75 31 93 46 13 33 63 95 14 6 94 81 46 60 29 42 18 4 59 71 55 87 25 57 10 50 70 58 24 22 64 40 43 95 45 56 67 23 45 63 35 14 14 65 37 94 0 37 7 26 78 14 
91 52 95 24 85 81 84 97 50 42 73 86 33 65 76 66 68 0 71 26 48 37 86 48 15 13 25 54 47 23 96 20 66 21 84 32 60 94 12 53 74 63 22 17 12 54 79 23 38 27 73 89 37 19 63 82 12 11 64 21 49 45 24 95 18 70 74 71 66 83 50 60 71 39 24 89 24 97 71 31 41 98 17 72 43 76 99 38 11 48 69 52 25 28 89 85 65 92 22 81 87 56 63 43 19 59 24 91 20 89 6 72 63 69 76 85 59 67 58 54 0 2 35 77 43 36 93 3 47 66 62 47 75 13 73 17 61 79 78 81 
59 90 15 76 1 72 72 5 25 79 82 79 40 55 70 18 99 80 72 34 81 17 66 94 45 33 69 65 97 71 13 93 51 82 6 90 21 84 81 51 76 3 93 69 61 93 42 8 97 58 32 23 50 60 62 13 95 49 38 41 52 83 88 68 14 80 68 66 13 76 43 77 37 89 34 28 90 34 20 8 46 24 95 61 14 22 40 19 1 79 7 9 79 37 51 4 98 23 3 73 58 30 49 97 13 10 9 6 72 44 85 68 40 27 56 90 90 6 24 62 65 47 45 55 65 39 37 85 73 76 50 82 11 26 98 51 30 67 51 97 
0 45 50 75 29 34 78 67 57 99 0 19 9 66 67 47 77 57 40 53 89 41 36 11 72 44 32 72 60 11 13 40 80 33 44 73 0 6 11 24 50 71 9 44 61 33 79 34 21 83 13 34 59 21 7 99 40 83 80 25 26 53 90 20 96 52 0 66 84 47 29 20 93 89 53 92 40 62 53 53 14 99 55 21 87 69 41 1 8 34 94 23 65 83 26 44 50 72 50 19 51 99 78 78 71 19 42 62 14 20 22 65 48 87 85 97 62 59 21 35 87 25 61 44 51 54 61 96 72 66 62 51 5 82 47 41 0 0 30 69 
3 9 97 36 44 19 90 35 50 50 85 65 76 48 5 55 79 98 62 19 43 58 50 60 39 9 2 57 64 5 98 72 71 0 70 62 42 67 63 5 70 39 39 98 78 10 5 46 16 31 15 38 91 51 39 13 25 88 43 76 60 98 26 56 7 78 35 59 35 85 51 81 78 34 24 54 42 56 46 49 55 6 64 92 29 49 2 43 52 81 14 87 74 12 26 12 27 31 48 33 61 85 75 89 19 87 82 25 59 36 97 43 28 80 45 41 20 98 37 88 18 39 17 50 64 52 50 10 50 95 92 78 97 39 26 90 46 49 86 91 
80 6 45 51 46 22 11 37 26 15 11 53 43 24 84 76 30 64 16 78 27 56 52 31 80 65 83 19 72 42 61 68 60 84 99 93 10 87 79 32 94 55 64 3 29 0 66 77 57 31 27 23 6 71 70 47 18 73 85 46 82 90 61 56 77 69 9 6 84 95 0 36 91 28 96 66 75 27 57 34 32 7 38 61 81 7 82 86 89 99 83 19 15 42 54 29 14 4 65 31 45 14 20 62 0 36 40 14 94 10 90 27 98 43 42 24 4 80 59 1 48 3 59 26 19 97 51 84 45 73 51 29 35 74 66 27 28 52 55 9 
98 82 65 88 11 16 76 22 56 63 26 12 10 27 28 4 60 35 18 98 76 15 55 52 38 60 24 38 41 94 83 92 87 2 29 81 33 36 88 98 67 86 94 93 42 35 41 98 71 59 47 63 41 85 78 97 39 1 11 77 89 79 91 85 89 29 77 25 32 73 19 46 51 5 72 81 20 4 42 51 2 6 51 11 68 54 6 94 26 50 38 4 74 65 51 72 92 65 68 56 65 55 59 91 1 17 20 73 52 68 95 60 84 69 12 87 89 78 17 70 67 58 27 13 49 34 48 90 15 58 11 32 2 51 45 33 82 47 71 12 
77 37 6 97 51 80 70 5 22 45 42 85 13 53 95 12 70 67 65 16 37 53 91 63 21 3 81 34 70 67 47 10 80 77 29 17 60 94 23 44 28 99 27 56 31 97 93 28 11 23 5 38 21 3 10 20 25 83 49 62 27 27 16 51 86 64 61 35 62 64 0 92 83 1 27 44 56 96 59 53 2 98 13 38 51 15 72 84 35 81 71 10 83 92 96 51 42 90 59 3 62 28 58 97 91 72 34 53 49 64 73 92 91 10 30 29 5 88 8 1 18 90 65 30 90 62 82 52 27 48 71 16 20 6 66 72 43 99 83 28 
19 81 20 43 17 45 73 36 36 36 4 38 3 23 66 51 94 88 60 95 39 53 71 73 58 18 15 88 18 61 32 11 88 57 46 37 11 41 61 8 4 7 8 96 57 95 10 73 89 58 58 88 76 11 70 83 82 17 80 91 22 98 78 49 19 29 43 75 35 62 21 56 98 54 89 47 40 77 79 6 99 22 95 12 62 36 65 79 67 82 16 38 41 98 89 83 41 64 51 70 65 74 36 52 18 13 27 95 21 19 49 86 66 90 95 94 86 34 24 42 91 98 99 66 73 15 69 66 58 20 96 16 91 19 78 11 73 37 77 35 
14 77 53 70 94 89 18 87 87 80 18 9 35 53 73 2 87 69 86 10 7 49 42 71 48 16 69 33 73 25 5 63 37 49 86 57 89 81 1 70 96 28 93 2 17 22 54 19 6 81 52 59 37 31 54 48 82 76 15 90 19 59 67 24 8 37 48 6 76 0 31 45 44 10 10 86 79 2 98 20 59 48 7 43 77 58 91 82 3 67 56 26 2 21 4 41 72 55 36 30 30 72 83 85 22 20 88 46 99 83 43 82 93 28 52 37 90 96 0 63 78 77 90 18 83 83 13 12 84 15 76 77 89 69 15 32 51 88 37 41 
53 1 66 46 10 31 81 84 85 91 15 18 31 94 67 10 26 54 37 31 80 56 56 81 95 12 77 27 52 93 6 88 5 87 43 40 10 60 90 8 81 72 25 94 29 87 75 76 67 86 51 3 46 21 31 57 53 85 50 75 66 5 0 29 96 69 50 61 37 14 12 90 56 83 13 13 59 37 39 57 64 96 85 34 56 10 53 82 76 49 39 63 94 63 99 49 45 54 96 27 42 24 51 36 22 60 54 3 74 41 47 40 52 71 18 70 63 59 37 26 6 73 89 94 15 87 23 65 57 85 47 18 94 85 90 87 89 15 79 14 
64 58 64 8 22 1 13 60 69 42 62 35 5 53 99 15 40 64 45 47 3 56 77 2 27 55 95 68 95 76 85 91 21 77 90 88 71 71 33 79 0 67 71 67 28 43 54 46 73 17 94 85 62 30 21 76 65 1 49 33 7 23 60 27 66 66 6 62 64 82 66 96 61 36 0 43 45 6 57 36 89 46 92 67 68 22 64 19 89 26 62 26 29 83 96 77 14 26 53 82 91 39 86 77 46 84 62 6 68 31 82 70 67 4 50 0 91 99 81 20 27 45 98 46 18 32 80 71 54 85 97 22 51 91 6 88 59 28 11 10 
27 38 44 61 84 67 25 34 16 17 50 33 89 55 35 44 62 11 33 95 88 12 26 69 74 76 62 98 96 95 40 67 4 7 10 59 89 79 6 80 95 68 26 48 57 28 34 94 82 89 59 46 35 97 39 26 23 23 39 40 16 63 59 19 23 9 65 87 61 56 45 90 70 98 0 65 31 19 6 7 92 75 7 46 54 35 36 90 55 26 90 36 81 42 87 92 30 16 15 76 21 34 66 62 12 8 90 89 7 60 62 91 77 80 92 12 83 95 88 3 32 19 69 78 89 58 48 77 17 86 6 61 31 26 85 72 39 32 18 19 
78 14 43 26 15 82 23 1 70 21 24 48 60 53 24 96 84 80 40 19 46 26 85 70 44 76 42 31 3 16 2 62 34 65 66 44 86 27 47 57 68 6 89 7 86 15 4 55 43 24 79 54 26 48 82 36 39 37 2 13 76 33 99 73 65 68 89 6 52 55 84 61 39 32 44 60 22 15 9 67 0 46 44 60 53 49 80 44 14 37 90 56 75 97 8 5 65 33 9 76 39 21 79 92 85 3 60 78 91 15 27 61 66 19 89 50 35 98 8 52 38 11 58 66 6 95 9 98 23 56 71 88 43 72 76 68 84 79 41 72 
78 28 34 57 9 36 32 35 37 63 31 48 84 52 42 78 3 2 97 46 19 12 50 63 18 67 18 8 55 33 75 87 91 67 51 4 17 41 35 18 90 48 0 46 37 93 37 67 87 34 71 15 22 15 46 86 57 56 66 90 34 31 70 53 9 46 77 59 70 35 72 18 89 78 92 43 27 12 0 65 41 99 37 83 51 26 35 5 97 28 7 94 20 63 82 55 9 24 57 90 29 99 20 79 18 4 99 58 62 76 63 91 98 20 66 61 0 78 34 89 29 9 54 15 6 59 36 75 10 70 47 97 23 80 37 18 18 1 37 32 
41 61 25 67 51 62 34 62 38 92 49 6 38 45 61 13 31 92 49 37 92 48 42 14 75 91 38 63 55 85 47 31 23 30 80 95 41 91 11 22 11 26 4 88 69 23 47 69 97 9 50 76 99 15 38 47 72 80 70 51 75 37 86 90 26 91 49 30 15 17 5 9 52 35 22 80 33 42 12 3 64 64 10 16 9 31 7 86 98 63 24 12 64 53 31 53 62 44 7 56 12 64 40 52 76 67 16 21 38 95 12 29 4 68 63 6 69 89 7 90 67 46 53 46 34 62 41 69 86 2 26 80 35 79 38 20 86 13 27 30 
46 28 35 57 19 72 22 83 14 16 47 91 18 91 6 8 58 11 29 27 60 83 9 27 87 56 97 58 10 59 76 74 31 95 3 17 55 46 32 88 25 70 98 83 99 96 71 25 76 55 44 54 91 96 91 1 30 10 27 46 78 48 3 45 56 69 89 28 18 61 26 58 48 82 29 99 68 88 51 76 6 59 85 19 99 44 98 98 4 72 34 48 96 4 9 77 17 44 56 32 63 7 72 88 22 45 15 57 10 77 72 21 21 81 5 89 39 77 29 74 63 13 90 74 42 1 77 38 28 59 98 55 41 78 55 89 58 94 16 11 
80 39 59 75 5 5 49 3 17 93 65 23 88 32 81 43 43 44 66 10 73 21 96 99 8 6 9 69 10 67 17 35 38 99 50 25 48 76 2 15 48 46 13 35 23 11 18 69 3 67 75 87 40 13 20 80 96 0 13 69 83 2 69 15 48 33 73 45 20 7 46 21 29 47 59 85 21 30 47 28 25 89 86 97 99 53 67 88 17 20 35 47 94 71 34 17 38 78 37 0 73 22 77 25 8 69 36 59 97 92 1 89 70 11 63 81 56 19 15 19 54 15 22 27 62 97 26 5 30 78 63 96 45 43 44 97 33 76 83 21 
46 72 93 7 12 25 90 23 42 12 73 75 47 68 87 90 95 36 55 82 68 47 78 49 3 6 46 16 73 34 61 99 99 45 60 31 56 28 90 26 4 50 12 73 62 11 72 1 78 16 86 88 81 87 92 46 60 73 5 51 11 23 83 55 73 37 88 13 18 85 29 67 32 33 0 65 27 67 1 41 67 57 66 65 65 59 50 35 61 24 22 86 82 78 32 32 38 54 2 81 76 16 82 26 67 11 50 91 81 50 91 6 84 0 37 83 66 74 53 80 86 87 22 49 19 48 93 46 48 21 95 91 75 3 89 12 17 12 93 72 
1 4 9 63 17 68 32 37 27 31 98 97 7 31 56 4 29 98 94 84 14 93 83 6 80 78 2 53 84 81 38 14 32 11 84 10 15 6 98 69 77 3 52 78 80 51 4 32 23 91 4 29 91 73 53 97 80 90 59 94 80 70 89 91 25 45 83 60 5 21 44 57 46 19 90 92 8 97 12 81 35 75 17 77 11 46 5 34 56 17 73 53 53 31 37 98 19 81 31 28 64 27 92 57 30 24 28 98 56 84 49 93 38 63 6 17 14 62 75 63 39 56 87 44 52 50 76 37 18 20 8 76 36 35 92 72 36 45 41 15 
6 49 5 44 42 10 19 46 8 8 6 31 0 75 86 24 51 66 35 73 53 48 68 73 57 39 37 27 82 85 70 93 69 9 14 61 72 42 30 86 81 74 33 78 99 54 0 67 89 63 73 80 87 65 96 25 78 67 45 60 50 38 74 6 64 26 98 20 78 61 66 22 98 83 15 68 67 3 15 69 53 45 10 28 65 23 50 56 7 57 96 74 60 43 5 33 30 65 89 82 90 54 8 84 32 32 4 6 6 86 89 39 14 20 56 42 76 84 93 14 24 90 72 2 39 92 94 15 19 59 37 79 31 84 2 91 62 67 14 86 
32 7 46 74 80 72 76 32 51 6 55 97 57 84 91 9 8 78 17 10 85 77 51 80 89 10 69 86 93 95 50 82 76 10 14 86 88 27 65 68 85 49 71 17 20 1 30 8 11 31 25 87 92 25 30 26 86 70 6 59 32 13 29 8 16 36 7 16 75 80 9 67 86 59 78 69 42 46 17 97 81 46 36 81 54 67 53 48 15 40 32 42 84 5 23 6 51 12 97 69 17 22 33 67 99 43 49 90 39 9 73 59 18 53 36 80 52 73 66 19 76 80 30 29 5 9 75 35 51 74 84 7 25 40 91 82 4 60 78 76 
6 82 52 46 9 88 78 23 81 59 6 43 57 71 76 38 94 65 5 46 79 5 24 61 16 46 95 15 75 93 53 34 77 21 14 56 51 65 95 21 39 42 95 21 17 90 20 59 79 17 3 18 37 84 67 27 18 90 92 95 72 8 80 63 87 28 8 74 41 99 94 7 51 78 86 2 93 43 53 5 84 47 53 44 91 64 55 65 33 9 13 31 44 72 65 15 6 37 58 47 4 44 65 43 22 81 61 6 0 62 51 29 60 47 32 73 22 57 38 52 71 23 55 27 84 17 56 60 45 87 75 58 5 69 68 65 0 5 81 5 
44 64 97 81 86 16 60 3 33 72 5 67 85 54 25 41 18 52 57 56 92 19 38 80 59 54 98 30 86 65 69 41 67 97 85 32 82 93 39 71 19 74 94 90 67 59 76 63 89 84 63 78 95 24 97 7 15 48 70 20 28 70 63 17 82 7 0 40 36 88 35 72 61 54 49 9 24 97 94 3 37 6 37 88 68 41 98 36 88 54 80 61 20 73 71 97 4 89 54 76 82 14 87 10 93 83 33 84 30 25 87 48 97 96 33 21 29 74 59 5 44 81 66 56 37 64 19 79 23 33 25 73 23 79 92 0 55 16 56 27 
99 95 30 52 80 40 53 96 0 73 54 0 37 33 14 2 32 41 7 55 54 34 74 30 32 61 90 79 22 71 56 60 67 51 38 0 70 60 19 60 15 5 92 78 88 44 18 10 59 12 83 32 58 28 77 34 4 57 41 3 3 53 15 4 69 24 88 12 89 31 13 80 67 6 10 7 73 87 15 40 94 57 5 91 75 3 15 21 35 7 7 10 11 91 51 24 18 68 67 43 19 13 20 92 15 94 62 63 43 62 2 38 49 70 16 86 67 72 79 73 85 58 82 10 78 22 27 5 48 75 79 28 65 87 52 84 67 11 27 8 
79 65 18 90 85 5 87 78 75 94 6 73 87 9 28 4 82 75 47 36 19 64 30 95 29 80 81 17 38 29 54 80 38 5 56 0 44 53 34 42 95 36 12 34 57 42 21 0 25 41 88 28 38 36 24 45 89 80 77 14 44 76 66 35 16 70 52 36 98 69 87 13 5 13 70 88 58 25 56 51 38 66 85 59 12 52 58 97 52 76 69 2 42 85 9 36 94 4 57 45 37 66 97 37 15 95 27 34 47 6 78 90 58 75 19 72 96 14 73 87 33 83 81 71 3 58 92 53 46 28 63 61 68 17 10 86 73 79 52 45 
56 54 90 16 37 39 29 86 23 51 41 73 91 0 35 80 91 11 16 49 78 0 24 74 96 2 37 32 70 22 85 7 44 10 66 62 93 60 47 86 17 17 16 14 14 78 55 33 31 63 86 43 72 57 82 53 26 10 15 12 72 76 56 33 26 17 65 17 69 83 71 69 71 35 51 58 47 71 62 78 89 67 82 21 54 77 41 37 47 61 66 82 93 83 69 24 74 52 56 22 0 90 15 42 96 82 71 60 12 65 71 14 62 43 58 98 40 13 20 71 47 72 74 10 39 35 20 3 8 92 75 72 47 6 61 57 29 59 80 7 
80 30 13 51 42 99 55 93 87 81 25 54 21 72 6 0 51 43 75 8 67 61 50 89 62 81 86 45 74 91 90 56 81 97 81 95 15 21 3 23 52 17 81 46 98 39 25 43 13 80 48 28 41 90 55 87 20 79 34 91 48 21 83 25 36 9 24 87 29 2 84 50 70 87 95 39 86 74 46 57 85 24 50 67 26 91 51 83 47 11 94 54 65 10 17 38 39 76 15 1 91 19 83 50 96 22 55 83 51 54 43 37 16 5 60 34 24 92 98 96 16 13 40 20 50 7 73 26 65 51 14 2 50 17 48 36 72 89 94 21 
73 85 56 94 32 3 40 49 64 16 83 90 71 29 52 64 55 89 31 81 88 51 94 25 51 8 85 67 66 18 76 43 0 67 74 11 99 9 17 25 14 70 9 13 91 15 76 96 71 14 25 57 30 69 7 69 99 99 29 96 62 66 0 47 14 44 95 7 29 20 64 40 72 65 96 66 39 90 8 42 25 55 11 72 69 51 3 79 87 82 61 21 37 12 87 99 3 72 81 85 17 5 40 70 97 34 21 44 42 51 96 25 50 20 13 33 85 97 28 68 39 93 34 22 12 3 36 64 21 96 25 72 69 92 47 78 24 63 45 75 
84 45 4 24 24 14 35 50 39 11 80 73 38 20 98 83 31 24 14 21 54 20 45 28 84 75 83 37 84 28 89 86 4 34 8 60 71 32 83 51 65 78 99 7 99 60 93 92 65 74 10 87 21 37 25 73 86 76 13 66 69 36 23 47 47 87 26 57 24 35 68 20 15 18 61 13 78 69 30 87 88 8 92 81 19 17 41 75 41 86 4 81 79 13 6 44 89 6 74 9 69 97 45 37 38 5 4 18 6 34 88 89 14 55 30 42 63 56 74 5 91 20 52 38 87 91 80 57 54 35 69 88 41 20 47 60 14 53 50 55 
89 70 42 55 68 9 34 27 45 29 29 84 62 25 9 23 95 55 11 21 29 44 49 12 58 30 93 53 20 12 56 10 4 23 17 10 56 40 87 82 31 58 72 87 46 91 11 72 95 64 98 99 78 40 69 42 42 21 74 25 75 97 86 11 95 49 82 75 17 23 68 81 1 11 28 19 3 89 40 45 91 80 97 16 85 17 45 71 27 91 21 46 10 55 57 78 78 82 23 20 68 72 69 86 92 56 90 99 70 42 60 68 99 81 97 90 74 32 72 79 71 90 92 39 53 87 83 15 78 75 9 51 63 89 70 93 30 91 76 93 
42 25 69 10 3 73 45 24 17 94 53 83 93 25 32 35 44 46 79 97 42 34 36 80 64 97 84 92 11 34 36 51 98 69 3 59 21 8 48 92 72 28 51 93 51 70 79 87 29 40 25 68 95 58 59 38 70 88 71 30 46 57 78 6 64 58 63 9 20 40 34 86 44 3 98 35 56 93 64 5 83 74 64 0 72 65 47 29 89 7 96 10 1 60 47 61 81 45 52 0 49 60 4 27 68 48 30 51 1 9 9 58 18 29 55 95 97 81 8 87 47 92 25 60 19 51 8 51 39 5 99 46 73 14 54 12 60 32 11 38 
30 2 49 64 3 49 2 5 79 61 32 38 8 36 41 23 17 89 65 44 60 40 70 92 55 72 92 91 48 61 22 52 53 6 78 18 17 65 75 80 90 98 13 99 84 47 88 75 25 16 11 44 42 31 72 1 18 36 26 64 98 69 39 45 77 61 82 27 26 39 4 60 1 92 39 4 30 87 17 30 10 70 28 62 43 14 61 49 30 16 46 87 94 6 56 0 87 4 82 24 35 26 47 1 91 8 28 47 20 73 9 91 40 87 15 26 64 39 91 46 2 81 61 58 34 35 24 10 30 80 91 74 58 44 97 28 39 12 99 46 
67 69 61 61 83 97 43 15 89 15 76 38 88 4 11 20 88 44 40 1 47 70 46 99 21 12 89 22 44 9 43 59 55 9 3 76 20 43 86 9 44 63 39 76 25 84 97 4 72 69 10 65 38 34 33 31 71 10 26 19 85 53 21 62 32 73 60 44 6 79 93 0 91 18 43 63 75 86 46 97 34 86 33 91 77 77 31 54 87 59 30 57 46 64 77 73 46 18 39 86 64 38 10 6 22 11 76 99 72 4 58 24 96 10 11 67 68 18 1 57 5 93 90 9 11 48 62 28 79 68 32 45 52 6 2 92 89 39 81 0 
0 92 38 48 95 45 8 52 98 75 6 89 29 9 69 50 96 25 6 78 4 78 90 92 70 39 65 67 37 52 86 57 55 79 3 66 14 31 92 64 77 62 66 60 5 45 0 76 24 29 46 70 31 42 61 64 7 31 45 11 29 79 31 45 27 76 93 44 48 41 84 39 2 5 98 64 11 89 99 28 72 84 23 94 18 0 46 18 27 45 96 25 0 6 98 63 63 70 22 74 65 33 53 40 57 76 68 86 93 92 39 14 7 93 8 91 21 42 25 86 70 13 39 44 38 86 17 55 95 10 26 38 55 62 53 87 40 51 41 40 
67 51 56 60 28 25 76 36 85 75 73 1 24 76 71 99 38 90 59 30 0 41 47 68 41 70 24 90 67 23 64 74 78 19 41 68 93 77 39 32 25 85 81 62 93 8 94 19 77 30 20 75 68 37 72 14 72 5 29 85 63 48 38 88 59 38 29 96 93 2 32 39 73 8 70 2 6 33 76 58 25 28 73 45 99 70 89 32 46 38 44 69 10 64 69 71 34 47 13 38 94 59 40 28 62 52 87 23 61 41 0 99 14 78 21 53 33 98 78 43 4 36 44 41 58 13 20 46 64 12 80 35 10 3 92 97 82 61 75 5 
34 49 78 70 33 25 77 2 35 5 15 97 6 3 11 32 2 97 20 27 1 95 85 13 42 41 26 72 64 67 53 51 4 31 70 39 23 10 42 47 77 85 56 29 72 30 36 37 78 61 53 30 12 15 19 52 69 75 95 60 83 72 45 30 42 96 68 99 92 44 3 68 56 84 69 42 15 12 40 82 51 37 73 96 88 81 55 57 53 27 41 5 11 1 86 39 46 79 9 63 3 37 87 87 97 39 61 32 74 37 39 23 30 71 96 63 2 92 27 57 62 74 61 64 50 0 30 92 18 9 83 53 96 9 92 9 20 21 27 66 
67 5 92 95 87 46 69 2 10 84 5 92 31 94 28 78 79 76 27 4 56 81 17 74 84 28 5 84 69 42 78 31 20 64 57 15 23 20 47 23 43 24 73 62 44 20 23 20 62 11 73 30 18 79 12 53 2 48 57 31 7 17 45 77 9 53 12 22 96 25 41 51 81 82 85 8 8 28 76 13 70 54 26 26 48 50 28 13 11 82 80 32 8 69 91 46 84 29 28 31 37 80 23 52 91 56 55 24 20 57 53 19 9 48 48 7 88 22 70 60 56 55 71 43 54 83 85 58 66 15 12 25 13 47 93 35 74 61 65 42 
50 35 14 51 80 62 37 34 67 4 87 34 71 67 82 8 89 46 63 60 60 97 62 46 28 21 72 79 6 57 87 18 13 29 86 93 42 36 78 27 98 56 34 6 95 35 49 48 48 8 93 63 72 26 3 72 15 90 62 91 84 61 87 54 25 59 72 91 11 36 74 32 81 99 87 29 4 35 21 70 0 55 12 11 78 84 61 88 46 66 99 50 98 78 46 12 52 46 39 53 98 46 81 75 63 67 86 15 72 20 38 24 64 40 64 21 36 83 26 42 61 23 8 56 55 41 10 51 25 63 16 14 65 71 49 0 15 18 40 65 
12 60 27 39 57 66 22 81 31 87 35 68 73 44 19 30 39 10 64 57 94 86 18 65 75 41 77 80 66 73 99 96 1 55 10 81 67 11 38 41 67 86 2 98 18 1 59 81 41 87 25 3 2 98 66 92 30 25 3 97 72 30 73 34 68 49 77 75 96 20 69 72 66 27 21 16 4 41 33 82 28 26 52 91 28 18 42 48 18 98 26 93 30 48 81 41 0 93 12 62 52 69 77 65 9 78 93 43 32 55 77 27 6 21 45 87 86 37 2 10 45 67 53 63 83 17 42 33 96 71 31 49 8 88 8 0 27 62 27 57 
75 5 89 94 11 98 90 84 64 31 5 69 23 8 98 89 61 86 55 83 56 99 39 53 87 25 23 54 34 52 16 43 87 84 33 98 95 77 74 38 3 52 98 22 69 39 17 59 35 2 39 16 55 88 92 19 32 62 69 69 30 70 42 17 81 88 27 32 33 70 60 6 27 97 97 26 28 95 27 17 1 33 75 32 47 21 77 3 45 92 29 4 7 86 8 4 47 90 87 28 97 79 80 5 1 87 86 86 57 81 76 91 0 44 6 81 98 9 73 47 47 43 53 91 75 9 13 29 17 66 9 44 97 82 54 28 68 98 85 46 
36 4 77 58 20 78 48 89 19 76 44 40 48 42 64 60 78 16 54 74 20 63 43 72 80 58 0 78 45 23 36 88 52 14 79 96 25 67 0 97 37 6 72 31 73 32 95 74 40 67 72 96 87 83 97 7 82 11 63 47 71 57 43 87 67 20 53 2 34 76 50 61 67 83 90 40 19 3 91 35 99 78 66 18 58 19 45 73 53 41 81 30 65 41 98 12 46 89 97 65 7 19 23 94 19 20 95 31 99 81 83 57 18 81 35 59 46 50 66 77 10 98 82 64 45 7 45 12 15 61 7 59 57 44 17 73 81 89 73 74 
5 52 0 95 63 90 94 26 45 47 75 9 11 97 13 98 45 23 2 54 33 48 58 39 80 6 65 8 82 77 89 13 60 4 68 60 92 48 45 10 57 58 60 74 81 23 13 50 39 42 23 84 67 17 6 94 64 44 31 94 14 97 80 21 21 60 81 11 34 99 51 26 74 6 96 0 1 89 32 44 80 44 90 87 92 68 83 59 60 94 27 41 22 62 55 69 57 20 20 25 57 39 31 80 47 52 80 72 68 11 33 14 77 45 89 84 61 3 48 63 7 47 75 52 84 13 90 94 11 12 73 54 6 84 35 15 7 75 49 75 
56 6 4 86 23 54 82 2 48 53 2 32 36 62 30 33 68 76 70 69 78 42 47 74 82 95 11 46 85 68 3 95 71 9 76 69 37 96 97 66 34 64 65 29 57 21 41 57 94 96 93 71 80 45 22 2 35 99 51 71 46 67 21 54 83 51 33 93 95 58 85 55 16 63 55 5 27 32 91 57 3 26 78 66 90 40 3 14 34 20 33 27 37 9 52 67 77 69 76 32 62 53 3 19 85 11 36 65 80 78 79 87 11 97 24 82 66 70 60 36 25 9 55 13 57 3 73 14 90 31 42 59 60 13 12 60 28 83 38 65 
42 90 99 52 5 7 84 9 19 89 40 47 53 93 17 69 83 60 33 29 60 92 94 72 38 18 45 0 23 11 39 39 80 86 88 96 76 74 42 89 51 3 18 43 60 62 78 26 61 88 27 56 76 55 3 65 26 0 29 92 43 20 19 48 70 31 0 47 41 49 14 39 53 46 40 2 29 17 48 91 43 14 99 87 58 68 69 68 18 47 76 88 75 87 65 73 55 15 35 32 59 17 97 78 16 17 59 90 36 76 31 3 26 0 89 7 31 32 99 14 88 73 53 41 86 14 88 59 43 71 85 68 2 31 74 87 77 52 51 98 
56 24 29 79 86 45 60 70 90 53 1 99 49 97 52 94 70 57 47 38 57 23 31 1 41 70 23 66 50 52 58 33 26 2 96 2 73 52 99 48 24 51 96 95 17 21 43 35 64 38 10 71 50 65 31 11 21 56 40 74 57 29 47 83 32 32 71 16 46 2 4 71 95 35 43 11 36 36 45 94 97 57 90 71 61 68 8 76 97 17 32 87 91 59 44 54 7 93 87 58 31 79 91 66 19 32 23 31 79 31 79 53 1 96 19 29 65 45 61 93 37 9 23 88 58 80 36 43 40 97 89 14 94 73 27 47 3 30 35 12 
21 0 48 9 90 37 14 4 64 55 80 65 42 11 14 90 75 72 1 0 18 41 9 72 11 80 36 17 92 99 31 10 35 48 39 57 42 0 43 76 51 18 74 13 21 85 16 23 64 98 77 67 62 77 62 71 94 64 41 35 15 46 71 14 74 67 77 43 64 73 95 99 47 22 76 61 59 57 97 69 12 28 36 58 42 79 51 90 85 20 78 41 42 69 86 49 20 43 94 67 15 84 38 1 26 40 61 82 45 37 95 65 85 36 9 82 80 88 17 66 60 99 49 34 12 6 53 83 8 39 11 48 56 99 36 19 2 49 18 42 
91 65 50 23 38 36 11 34 73 10 62 24 51 99 64 15 93 79 1 24 88 70 52 40 88 1 80 64 76 24 21 40 62 41 33 75 50 76 6 48 72 41 13 36 75 28 51 36 78 81 50 0 72 97 88 41 69 37 67 78 96 20 5 65 48 25 55 81 70 69 34 79 84 6 46 31 63 29 84 91 24 80 99 83 98 95 45 33 33 53 33 77 45 72 31 77 24 22 99 74 50 71 77 78 13 48 4 57 80 18 73 15 86 51 71 58 16 30 53 57 4 87 27 46 13 38 19 9 21 41 77 34 33 9 61 42 5 15 21 46 
76 40 38 66 24 40 72 8 86 87 37 22 54 90 66 54 33 14 43 76 42 35 3 66 76 71 55 21 69 63 20 53 17 23 21 84 45 74 86 43 93 0 30 72 87 40 87 21 68 44 77 45 9 23 38 51 40 74 86 85 74 9 49 2 77 49 24 44 57 82 7 63 39 89 42 16 25 50 79 7 45 33 31 53 6 22 40 43 83 86 36 4 25 66 13 27 68 27 10 43 27 30 98 78 59 60 6 44 89 49 15 18 83 84 50 44 74 21 47 21 30 67 31 59 35 45 73 63 6 40 14 12 61 41 95 9 29 59 75 13 
15 13 81 32 13 0 51 69 59 92 37 87 51 4 93 74 98 77 5 69 61 42 67 87 32 40 89 64 87 35 85 28 48 80 73 35 33 2 21 92 1 62 76 73 65 90 7 76 67 12 88 34 76 21 50 55 37 9 53 21 3 60 83 31 50 91 13 96 16 80 3 2 69 19 39 30 36 44 57 67 99 89 81 34 95 24 67 85 94 74 11 98 77 12 82 11 71 21 11 70 19 25 4 87 19 37 66 41 99 54 81 61 56 26 18 15 9 68 14 14 83 17 44 29 54 84 30 99 86 25 56 93 44 58 0 52 28 76 51 10 
14 62 77 11 53 3 37 3 94 94 86 71 90 44 50 64 58 13 53 35 44 6 88 91 9 97 93 32 26 49 39 58 69 39 49 18 80 46 15 76 26 35 74 62 48 40 60 11 91 86 91 14 40 33 10 70 64 36 25 65 4 62 93 29 82 22 75 43 32 10 33 57 85 59 9 82 44 50 83 21 95 59 41 47 12 17 28 35 8 0 31 72 0 54 80 5 87 84 62 31 28 48 95 38 16 67 3 74 84 85 50 49 94 82 90 28 99 52 71 80 98 60 27 11 89 12 20 28 81 35 9 41 37 90 5 45 68 76 17 34 
24 22 94 67 59 81 61 10 64 83 73 16 10 41 40 36 79 67 91 94 62 4 47 8 64 35 64 31 1 25 54 23 87 71 57 45 46 99 47 69 5 36 37 55 12 82 26 43 8 97 61 14 11 31 79 99 36 53 62 97 5 64 98 1 58 98 91 93 23 1 80 87 64 26 24 67 8 65 1 71 19 55 76 66 80 35 18 29 15 75 1 92 63 22 2 65 77 66 61 55 6 58 95 79 99 61 79 87 54 7 47 13 1 85 62 14 94 0 73 62 89 93 48 3 22 96 9 18 72 22 41 34 86 76 55 66 69 64 79 5 
9 77 96 93 30 72 81 90 75 45 28 44 22 84 48 57 12 38 84 65 0 46 8 10 82 66 24 72 11 63 43 98 50 82 4 23 68 61 25 38 28 16 2 94 66 19 77 21 15 95 37 31 4 79 93 13 76 71 15 43 29 41 3 65 24 16 76 70 96 97 57 10 26 54 62 79 7 16 70 78 80 3 79 18 6 18 71 3 73 6 90 84 48 25 51 82 98 23 40 96 83 18 55 14 7 9 23 6 22 73 68 77 58 4 27 58 68 79 82 97 70 72 98 14 50 41 93 90 54 24 93 50 58 3 42 4 30 78 25 2 
78 48 93 56 18 28 95 39 38 44 6 55 40 75 61 70 43 97 74 79 35 31 89 99 89 47 73 31 71 89 15 50 68 50 41 46 10 89 29 96 40 25 11 98 96 68 23 1 88 2 50 58 96 32 29 61 1 69 73 74 83 48 76 92 95 54 16 87 6 32 28 93 68 54 65 6 41 40 94 10 85 79 51 9 50 18 98 36 30 89 86 25 46 24 99 86 25 50 44 44 31 58 13 26 17 62 78 71 24 0 94 35 59 90 7 31 99 30 93 11 4 63 82 86 13 32 59 85 22 34 89 99 88 82 28 83 61 42 99 9 
34 8 22 64 51 55 40 64 89 86 62 17 93 89 0 31 32 42 43 61 76 64 43 99 25 87 8 69 86 4 68 47 62 37 56 47 49 47 78 45 51 22 30 46 37 83 4 8 72 76 99 84 46 35 29 10 49 25 48 76 56 29 89 58 39 44 2 28 96 64 7 59 24 79 84 89 23 67 96 9 27 72 82 61 10 89 75 94 87 44 27 19 58 99 11 81 55 3 93 62 91 35 37 81 21 45 99 95 1 32 44 24 94 22 80 43 87 38 79 77 67 57 10 63 93 4 99 17 16 70 69 97 2 72 19 62 44 89 7 2 
46 87 85 75 28 11 35 64 23 73 82 13 85 72 4 9 92 22 64 96 17 20 6 90 92 51 10 70 33 67 1 8 66 85 11 43 33 1 0 40 65 20 74 12 77 83 86 94 6 0 69 81 68 93 6 86 28 44 39 90 28 1 59 0 82 84 96 13 95 39 97 26 75 63 91 20 4 71 46 48 28 89 87 41 38 97 2 67 73 20 1 95 13 77 23 15 84 80 25 84 7 48 73 38 65 13 74 72 26 1 51 17 53 21 3 92 75 27 47 63 43 89 5 65 68 85 89 74 7 61 5 85 54 48 93 52 9 8 23 97 
1 52 37 70 48 66 77 63 57 22 84 87 52 81 34 39 37 80 34 73 65 89 87 2 30 38 64 86 48 12 40 56 53 7 58 13 18 46 69 18 68 93 43 49 65 23 32 45 54 99 87 36 18 90 70 69 27 33 4 68 55 28 1 83 47 32 12 0 98 53 19 40 49 31 46 86 48 73 32 4 40 40 60 39 14 21 83 32 42 46 85 92 92 7 18 16 74 9 10 94 98 0 55 74 42 72 97 19 67 81 27 60 84 70 46 50 27 89 25 52 54 64 34 20 46 11 42 34 3 29 7 81 37 2 0 65 99 88 9 5 
45 58 16 64 9 26 58 52 86 60 50 57 70 15 81 51 87 84 11 67 49 59 95 43 44 12 66 41 6 57 12 96 33 77 40 8 66 55 92 99 94 35 71 15 83 56 62 75 96 90 0 0 14 93 71 7 28 34 36 44 12 84 12 65 5 67 87 31 96 87 85 72 67 10 44 5 33 38 46 91 16 79 20 66 48 82 75 95 36 52 64 59 60 12 39 98 83 60 89 71 6 3 11 53 21 88 49 59 91 91 33 23 83 92 54 43 41 16 90 36 69 25 92 48 7 79 78 30 25 3 11 50 45 47 70 70 84 53 49 43 
72 75 57 21 5 32 45 36 53 25 61 17 81 23 91 9 90 40 90 27 1 43 51 20 6 69 25 72 26 2 45 7 56 30 23 76 58 90 41 94 4 12 95 68 75 46 64 99 36 72 58 20 42 36 19 21 27 78 1 64 92 62 37 10 43 77 98 53 39 78 40 88 61 24 29 57 65 67 53 47 35 79 68 68 14 59 49 82 20 68 40 9 66 45 86 52 75 94 54 15 89 29 10 30 63 43 0 75 99 42 58 2 86 64 98 10 49 98 84 85 34 1 53 16 81 70 15 22 22 67 29 94 63 35 42 35 85 64 95 94 
70 39 38 23 67 23 20 48 50 68 61 87 12 2 56 17 37 18 90 35 3 90 29 33 42 45 52 6 28 48 13 77 95 52 25 34 18 74 27 97 79 5 38 24 48 38 36 57 68 83 12 35 54 75 49 38 31 27 11 96 46 82 49 90 35 12 35 11 43 60 62 38 2 30 14 20 42 53 39 41 7 64 7 75 35 89 63 39 29 75 40 19 76 19 63 23 97 22 97 26 51 34 91 35 77 89 65 92 13 47 93 1 21 9 45 50 29 3 52 20 36 34 66 34 22 38 35 15 67 50 61 76 69 99 61 18 46 81 55 58 
16 99 77 15 3 56 93 89 57 58 16 6 32 53 51 90 75 57 3 88 14 21 54 51 2 62 1 74 63 23 4 48 55 51 79 86 14 16 43 13 16 0 84 34 77 41 83 2 34 50 36 56 9 54 97 35 47 76 81 26 20 36 69 18 47 0 12 76 84 37 58 89 93 51 39 98 45 8 55 22 6 24 39 97 43 17 68 61 40 35 87 77 79 98 6 79 28 79 31 56 6 16 15 59 43 76 80 16 39 61 64 19 35 13 17 57 44 46 56 21 86 53 1 94 86 27 80 31 70 78 69 87 55 87 73 52 48 53 67 80 
89 82 43 34 38 24 12 3 22 99 17 15 0 99 95 4 80 69 73 3 51 66 79 60 40 4 92 25 80 19 0 60 95 32 38 15 66 52 75 71 67 75 95 2 95 22 11 90 57 94 43 99 3 40 14 70 25 28 35 38 17 91 35 50 27 34 85 23 57 39 26 19 54 62 62 4 99 44 99 67 73 39 85 61 57 38 68 47 91 2 21 72 81 6 48 49 12 10 30 51 29 69 74 34 33 94 52 31 26 0 50 37 52 84 3 97 60 69 2 31 50 10 69 9 75 84 1 34 91 98 36 40 31 0 66 18 39 82 83 98 
95 32 86 20 89 36 49 69 46 16 19 56 55 32 15 29 8 84 6 14 40 70 12 12 96 75 59 41 89 19 37 78 1 74 92 63 25 10 30 38 97 61 15 50 19 51 12 79 2 30 19 90 60 64 15 46 2 30 98 15 87 81 88 82 87 82 11 31 9 81 76 27 30 24 17 15 97 25 87 21 1 92 40 91 85 95 96 63 88 97 2 68 74 73 28 55 71 55 43 95 20 40 22 67 85 37 98 6 90 51 43 73 43 53 36 2 59 72 28 21 56 79 87 19 82 97 13 20 25 2 40 44 94 19 41 65 55 47 44 91 
4 80 35 11 66 18 37 8 43 20 81 50 93 1 29 59 67 75 95 89 8 41 67 7 82 55 34 4 4 52 18 41 43 31 15 91 22 47 59 50 12 12 84 62 15 20 26 62 32 17 63 47 57 63 75 23 84 45 9 10 18 38 40 36 5 14 94 47 62 48 35 63 31 45 50 3 70 86 8 79 1 59 62 80 45 98 70 37 89 88 8 11 32 32 46 25 44 36 99 38 94 34 5 60 96 59 2 80 22 82 59 91 15 93 14 45 53 81 46 6 23 87 87 90 17 52 93 1 65 28 3 88 73 95 3 58 62 7 61 44 
0 42 68 86 37 48 82 74 23 51 67 51 21 8 12 62 82 63 90 88 0 77 30 57 12 90 87 93 13 59 93 81 19 88 94 16 0 80 56 94 69 94 61 87 17 30 44 42 55 53 5 56 86 32 70 37 50 41 49 45 60 11 98 49 54 58 1 23 61 30 55 4 5 2 43 77 14 1 9 54 14 71 22 88 57 95 3 75 96 10 95 9 18 37 73 30 5 18 89 78 40 34 49 18 22 83 97 28 90 73 71 1 57 28 39 32 55 26 93 56 34 2 88 59 88 7 16 79 72 36 37 85 46 43 38 18 86 69 54 32 
50 83 14 9 48 94 33 17 69 42 49 44 54 57 7 37 98 74 8 65 23 25 44 38 39 25 53 11 32 74 74 34 29 74 31 26 15 73 95 85 39 64 71 70 10 33 56 61 43 17 14 59 93 77 8 96 33 48 27 18 53 96 12 1 69 98 10 38 84 98 21 3 76 85 49 9 14 34 63 28 63 95 98 3 88 20 99 3 58 61 58 10 81 36 73 76 2 87 18 30 91 48 85 26 8 47 43 23 26 7 31 94 41 8 32 1 57 19 33 0 90 5 92 24 11 60 82 20 16 89 5 91 93 92 36 49 13 1 43 26 
44 44 73 53 55 0 17 58 42 36 26 40 33 95 5 15 17 7 53 11 60 2 67 31 36 17 47 94 0 80 92 72 83 18 21 52 73 52 91 95 9 97 94 58 20 63 52 26 1 76 30 33 14 4 23 60 8 30 8 77 63 68 5 76 30 72 70 29 84 5 91 96 57 14 72 33 68 6 25 60 68 76 89 31 38 32 59 49 51 64 51 99 1 1 81 13 21 70 38 34 76 0 64 48 39 69 19 72 34 53 73 80 44 62 62 4 76 59 79 25 48 61 8 37 34 51 80 64 30 91 65 62 22 16 23 74 21 63 84 48 
24 78 70 87 79 98 60 48 24 35 33 63 62 30 12 50 47 43 42 43 63 66 78 50 29 50 20 63 3 31 14 13 86 53 11 18 35 22 11 45 56 96 6 44 66 58 64 71 25 15 27 79 2 72 20 76 93 92 44 95 0 26 76 57 73 56 27 32 59 59 76 11 6 95 86 66 87 52 90 71 86 88 13 76 87 24 72 26 91 36 66 47 89 34 50 36 37 50 63 55 14 32 68 84 47 45 73 75 76 70 42 56 20 98 30 82 0 29 89 27 63 48 1 86 81 66 54 71 0 47 54 11 93 54 5 99 63 67 57 84 
41 71 33 97 17 73 79 77 42 23 11 35 79 62 49 59 14 95 96 85 44 60 26 66 43 94 14 5 69 52 25 7 54 39 86 80 97 17 65 1 52 29 21 17 63 9 59 1 25 43 30 7 74 99 6 16 43 26 83 56 51 40 74 6 69 52 16 68 85 42 17 50 76 43 77 14 12 40 63 49 69 20 91 30 67 18 26 35 94 30 71 80 58 74 2 0 37 9 59 88 71 67 84 89 21 15 1 7 41 80 17 32 95 38 44 44 17 44 12 25 60 25 22 1 14 48 66 2 44 83 95 8 43 73 48 31 28 57 27 85 
94 0 58 48 53 92 3 22 0 1 54 31 16 46 93 7 57 10 23 86 51 8 11 85 73 10 62 60 7 38 65 80 9 99 63 3 46 13 66 2 15 11 72 73 50 68 94 0 72 41 21 58 55 9 34 78 6 90 63 30 76 99 26 25 18 89 95 2 54 69 92 55 87 49 99 70 14 49 64 90 41 23 95 54 53 10 68 16 41 50 95 63 47 69 84 70 87 14 6 59 77 49 93 90 71 76 51 38 74 27 46 26 30 23 3 39 70 97 92 35 87 68 13 50 10 21 3 92 1 52 93 44 33 30 43 4 61 87 85 72 
65 74 2 23 18 19 23 68 24 78 80 30 18 95 89 66 79 26 77 42 54 79 78 46 12 42 16 50 17 6 32 48 55 84 75 97 57 18 16 5 0 67 52 48 81 75 6 37 83 27 26 99 9 12 49 81 51 60 83 78 97 86 70 73 63 13 3 66 81 63 14 21 63 26 43 40 58 56 34 19 46 18 80 16 2 79 57 5 58 50 97 75 14 59 52 5 85 30 1 60 56 41 12 86 15 0 27 88 21 16 96 34 15 38 6 53 75 61 5 6 29 85 76 8 88 53 47 54 37 18 71 85 48 77 6 49 20 12 84 7 
49 11 84 93 38 54 90 69 7 68 74 58 33 30 94 88 39 96 13 28 3 78 81 83 32 9 80 48 56 98 30 71 48 73 42 61 31 65 62 35 47 52 45 69 68 27 35 3 39 77 94 59 5 7 30 0 4 5 44 63 29 50 55 62 80 30 37 71 32 63 38 15 52 8 0 13 72 28 75 68 74 67 56 38 18 77 18 31 10 7 38 83 42 62 28 48 70 44 25 76 50 41 47 60 0 89 9 91 93 87 6 51 85 3 92 19 24 36 65 64 54 0 34 61 51 92 20 64 78 86 29 6 47 41 67 26 30 56 43 46 
54 77 45 6 87 58 62 55 16 7 33 77 84 2 62 84 5 3 24 98 27 62 26 80 49 84 52 49 33 96 35 46 26 92 52 55 35 57 79 53 75 39 59 33 43 75 85 75 8 71 17 76 22 49 27 32 9 7 0 43 53 26 4 92 44 27 72 47 71 6 3 50 56 94 59 33 38 52 75 91 16 75 52 92 31 75 80 93 60 41 13 16 42 33 9 61 54 97 98 12 15 13 56 16 12 77 34 76 64 22 68 75 13 17 33 48 19 59 32 28 69 87 7 50 49 73 6 50 20 4 37 19 75 20 33 97 76 7 61 55 
87 74 68 68 42 19 8 0 62 30 25 73 80 88 55 74 57 48 63 54 61 29 23 33 62 74 4 89 80 33 25 30 82 72 19 38 23 66 85 34 59 15 89 44 17 71 20 76 59 27 5 60 97 12 97 86 15 80 19 48 11 99 19 81 87 58 7 93 31 21 24 21 43 20 90 20 73 71 20 64 27 92 39 83 77 31 62 81 93 7 21 74 54 81 26 29 58 48 56 90 80 43 66 93 79 2 8 81 45 64 92 71 33 63 91 35 9 28 91 48 73 22 41 68 82 13 45 53 66 21 85 89 63 97 94 94 47 95 49 5 
32 52 26 14 61 97 97 76 12 7 34 83 68 63 42 20 5 19 38 87 8 26 15 37 70 63 76 20 79 80 70 81 23 4 10 65 53 68 32 2 63 85 41 20 67 52 46 76 45 33 6 6 5 5 84 39 24 29 39 53 99 35 71 5 74 31 79 86 47 69 25 13 37 74 35 59 47 7 62 49 83 26 51 28 59 3 3 22 40 65 60 85 26 88 5 18 72 72 49 19 42 74 22 55 40 93 77 65 29 32 20 86 63 89 86 78 32 75 6 23 53 73 61 34 75 48 42 57 11 55 73 6 9 12 45 31 3 72 59 83 
12 19 56 15 20 60 96 31 10 74 14 27 5 43 47 46 45 88 96 12 10 97 96 28 97 88 3 39 52 32 45 46 54 73 69 67 50 78 39 57 49 79 98 94 19 7 37 64 36 66 60 17 78 69 10 76 27 47 61 50 33 64 30 4 0 83 46 18 66 3 87 21 38 2 53 75 35 4 75 18 67 91 13 83 13 90 63 5 78 47 20 99 59 31 24 83 79 53 69 41 84 25 85 37 49 17 32 83 86 45 36 41 36 8 34 5 55 81 94 47 74 93 43 26 47 55 58 92 58 35 30 91 72 12 85 15 93 27 55 53 
51 77 18 30 8 60 10 10 80 85 19 49 15 84 56 18 98 55 76 22 23 60 58 23 96 61 22 94 71 30 86 77 71 76 25 97 34 23 60 34 80 66 34 28 9 29 98 50 2 86 27 49 57 14 54 51 82 48 98 22 76 15 89 6 64 49 95 90 69 0 10 82 13 10 63 66 56 85 85 28 91 9 30 69 93 74 60 37 31 52 86 75 37 40 95 47 11 93 34 25 88 34 85 19 40 76 85 64 28 19 7 57 8 54 29 77 68 45 56 97 25 18 65 31 94 93 56 34 86 75 5 46 72 13 23 23 92 13 25 99 
40 18 22 86 70 66 89 47 97 4 30 66 97 29 51 7 1 28 41 63 71 72 93 90 67 36 33 10 21 87 38 2 66 53 11 3 8 69 93 36 38 70 83 68 61 92 5 46 76 23 42 53 2 32 2 67 94 69 13 40 79 73 14 46 66 32 8 51 87 67 27 32 75 44 82 64 15 5 42 85 41 79 49 42 65 69 27 5 35 1 14 75 24 98 39 66 54 81 92 0 84 95 58 14 56 7 17 65 62 91 56 52 29 93 24 44 4 39 85 87 5 51 33 72 7 50 12 40 62 80 36 31 71 32 23 83 45 56 35 29 
22 66 9 10 35 24 5 99 21 67 94 39 73 12 15 33 95 77 13 61 39 60 11 14 59 51 79 87 71 6 36 82 75 60 70 6 15 86 26 89 54 15 91 98 15 61 2 26 33 62 9 1 25 3 50 60 51 53 11 38 65 86 74 10 78 8 13 15 23 66 24 32 84 9 87 77 43 29 30 80 26 70 15 4 74 13 89 4 95 53 23 51 12 84 41 44 85 53 61 24 44 69 27 84 53 92 4 70 95 8 54 90 19 97 9 89 11 58 28 54 25 5 45 65 68 39 72 25 31 15 7 96 54 48 49 15 84 21 29 93 
75 80 68 63 86 24 13 42 31 45 4 46 63 21 80 5 76 53 37 81 30 35 58 9 36 23 34 84 45 18 57 31 36 17 49 45 94 79 41 27 38 56 63 27 88 28 93 66 9 27 74 43 1 20 63 21 29 20 32 15 32 9 49 36 52 13 91 57 6 26 37 89 45 59 23 87 2 40 75 56 7 9 63 81 37 70 76 16 46 63 46 77 65 5 44 57 66 64 40 83 31 86 69 87 82 42 79 44 44 16 98 17 7 49 65 56 16 5 12 98 97 40 44 15 90 86 91 13 12 53 97 51 67 2 16 32 88 46 30 76 
81 27 89 9 57 31 85 3 60 23 1 55 41 28 31 83 40 74 51 27 22 53 21 60 86 15 82 59 37 45 46 11 40 57 51 61 92 53 47 46 63 85 63 8 50 50 28 65 2 86 51 36 76 4 52 22 94 39 22 19 69 14 34 12 91 22 81 74 40 81 59 53 73 39 6 2 27 26 10 80 84 8 4 42 94 49 33 5 75 99 48 58 61 7 58 95 86 31 77 29 16 91 89 79 65 15 92 66 35 63 61 91 85 21 42 96 47 83 82 47 11 57 80 52 0 87 31 7 27 75 29 32 66 17 32 99 60 34 66 3 
20 85 16 89 65 42 55 2 49 89 45 75 81 65 45 67 5 96 32 67 55 8 69 33 42 68 25 75 99 78 16 64 90 89 14 9 49 85 32 8 82 53 9 13 23 94 31 25 26 44 82 51 64 54 72 36 24 97 30 41 50 29 99 92 12 57 8 37 58 25 9 45 53 76 87 99 81 77 0 12 85 85 74 63 30 6 0 35 78 78 32 59 28 83 49 4 70 57 2 50 98 59 76 51 32 50 51 96 77 85 18 71 68 30 11 88 93 98 76 62 64 20 3 92 86 8 59 99 67 56 85 34 54 46 28 35 74 89 95 63 
36 61 20 58 11 63 5 11 75 97 29 9 12 92 46 2 18 11 24 19 78 44 20 24 25 61 38 69 45 13 69 12 26 11 32 55 72 31 48 24 18 0 99 11 0 33 5 33 88 8 37 91 13 5 88 78 23 28 62 28 30 49 23 9 71 94 96 41 98 57 88 94 30 53 83 99 95 0 81 14 66 46 82 33 91 95 24 58 45 31 25 73 52 19 78 34 88 59 81 46 72 37 43 76 91 71 63 11 26 38 15 8 91 40 96 87 2 77 10 56 9 45 44 18 33 47 86 85 81 56 83 4 32 79 54 37 17 71 57 13 
54 33 55 35 93 78 89 23 50 25 0 7 2 40 76 93 89 16 16 92 48 77 68 73 29 6 57 59 40 39 57 29 6 96 87 76 40 50 55 72 17 31 73 61 12 42 48 16 87 21 2 88 69 43 17 16 65 23 67 78 91 77 32 53 18 84 14 60 22 74 87 92 73 20 22 60 48 31 82 30 76 86 65 87 14 29 79 21 12 17 99 5 12 28 48 12 38 75 84 87 60 92 23 3 50 51 5 19 0 14 38 2 21 16 31 46 65 7 36 23 75 50 44 82 67 9 94 13 66 46 22 62 24 78 20 73 64 56 28 91 
23 58 19 14 56 44 77 29 33 16 3 85 33 70 14 53 88 46 10 48 73 39 1 54 8 40 7 14 3 10 51 11 52 34 82 72 80 66 21 64 64 63 2 36 60 92 87 98 10 25 56 21 5 24 92 65 67 36 50 75 1 19 35 23 33 39 82 16 2 3 60 71 24 29 48 6 52 31 14 28 73 58 52 93 10 19 19 83 0 97 62 68 23 92 83 45 67 25 32 3 9 49 46 34 27 26 75 71 57 25 64 51 62 89 50 1 92 58 45 97 95 76 49 22 83 66 32 33 1 92 6 32 9 73 66 60 88 62 4 27 
86 12 91 53 42 26 10 94 38 11 25 94 34 71 4 96 13 35 64 19 39 11 18 14 61 30 56 43 82 11 92 21 33 75 40 41 43 90 80 31 24 51 29 67 36 41 52 67 83 75 78 18 9 38 0 40 81 10 75 28 91 47 96 6 33 0 45 14 99 89 11 75 60 57 16 43 90 69 28 19 1 25 65 53 42 93 33 22 28 17 90 53 97 9 78 93 87 3 59 49 90 39 93 35 56 67 5 65 36 22 20 56 27 38 73 96 26 68 45 99 97 76 61 31 52 24 53 47 22 77 44 41 45 73 38 88 84 30 78 28 
63 97 14 95 46 84 37 71 33 60 26 3 88 7 33 33 54 61 73 44 20 64 69 61 74 75 72 46 54 57 98 62 61 88 28 88 35 12 20 90 30 97 21 20 30 30 89 11 4 26 95 16 16 14 68 73 35 96 24 52 10 78 11 24 33 70 60 80 59 37 32 87 81 24 76 41 25 17 42 45 51 52 52 27 40 91 5 1 75 5 28 19 29 76 57 39 92 60 50 94 47 74 28 35 48 55 96 90 41 37 43 38 17 2 94 92 75 32 33 56 28 40 41 20 45 60 7 11 95 8 72 24 19 34 76 18 95 95 62 41 
84 2 7 92 80 50 28 74 49 5 92 55 6 57 72 23 55 19 8 90 71 91 87 76 32 15 40 11 51 25 86 52 36 64 47 29 71 54 95 46 3 86 49 23 53 32 58 26 15 38 25 33 35 33 27 52 43 83 79 42 99 46 99 51 97 57 78 7 31 26 27 4 36 29 66 10 68 20 91 59 75 10 57 10 32 19 21 70 28 34 60 84 87 48 10 97 90 32 70 8 68 60 45 82 24 66 76 99 98 27 12 63 74 15 63 19 3 85 44 33 97 84 69 51 84 55 95 82 29 85 31 9 85 76 43 12 52 68 64 57 
11 28 97 11 92 5 9 11 70 31 4 73 38 90 19 78 36 13 7 61 34 62 66 46 91 88 14 28 99 91 24 76 55 38 79 77 75 71 63 95 31 30 42 18 12 86 32 36 62 23 27 20 29 98 39 82 83 39 69 73 22 10 72 68 36 82 71 71 98 76 53 21 74 39 80 20 43 81 75 60 12 89 93 16 86 13 96 77 2 69 42 46 44 47 43 45 2 40 89 68 18 40 78 14 41 96 67 71 81 64 59 60 99 57 71 0 43 51 50 86 0 94 42 7 97 86 20 7 80 98 9 63 83 15 27 40 14 84 90 46 
9 12 29 96 95 56 26 76 65 44 23 95 94 36 46 57 49 33 43 19 97 77 89 44 68 34 60 63 5 26 10 20 8 21 97 76 15 13 28 37 99 62 33 89 96 66 31 2 46 14 83 24 74 14 83 5 39 26 76 99 30 32 30 21 69 70 33 6 24 60 59 37 9 30 59 71 33 73 38 83 92 2 72 38 94 0 16 43 19 24 37 10 24 88 4 1 62 17 10 46 58 55 41 9 80 85 59 52 12 17 92 29 18 76 27 47 13 90 21 28 98 38 45 15 90 49 79 39 26 72 82 3 52 66 54 85 99 1 70 25 
24 73 14 70 23 42 22 27 53 51 71 34 1 44 12 95 37 48 31 8 71 99 47 2 35 32 40 6 99 67 15 79 56 53 68 27 79 97 4 6 77 11 98 22 24 43 32 75 77 15 99 43 59 68 32 60 73 17 86 51 81 51 18 38 34 3 2 87 64 70 87 1 1 66 91 0 88 16 82 34 80 60 48 1 31 8 50 48 97 41 95 43 64 62 89 11 52 87 32 42 28 44 67 54 90 68 93 2 45 31 32 52 90 3 74 7 16 80 52 46 5 61 96 50 59 38 62 54 54 30 46 24 30 31 43 62 15 1 87 58 
30 66 35 86 36 49 5 45 47 10 93 71 11 67 75 41 34 46 31 98 90 75 25 5 6 86 66 82 34 93 23 13 38 50 1 28 37 34 74 67 44 19 39 76 57 42 99 56 86 53 16 39 0 3 67 94 7 61 40 88 14 49 16 91 70 46 44 12 13 69 48 70 34 3 33 74 47 22 54 88 95 90 7 25 95 80 47 47 87 94 35 58 93 98 11 62 38 26 90 53 47 52 96 19 37 56 82 43 66 46 4 61 54 21 76 95 20 85 69 83 10 91 85 15 48 79 34 15 99 89 11 61 69 84 10 72 60 8 76 38 
51 63 34 12 48 45 94 45 46 34 94 32 83 27 17 73 81 74 15 80 23 15 20 36 52 36 26 59 49 81 9 27 76 99 30 82 17 36 42 59 40 82 41 71 55 87 7 32 61 10 89 65 95 10 4 9 86 27 3 41 80 42 25 23 33 25 9 8 54 37 19 19 91 71 73 37 49 13 61 38 95 84 45 97 90 98 8 13 14 64 30 78 6 52 34 15 71 76 10 83 91 8 58 95 5 70 55 86 99 73 48 33 36 30 3 48 70 31 68 97 62 29 93 22 14 82 7 92 19 41 3 11 66 74 16 34 98 68 65 89 
64 25 10 94 15 63 32 54 7 38 78 59 69 27 98 73 51 88 95 97 96 1 19 27 36 97 24 83 93 31 17 16 95 75 12 85 59 13 52 84 70 29 21 38 94 71 35 77 25 59 70 58 23 5 52 11 72 10 1 33 84 97 34 73 8 88 75 29 58 64 85 70 56 35 77 58 54 37 56 91 80 65 56 48 37 3 96 15 28 7 86 37 12 33 44 76 47 59 13 39 9 28 67 17 59 15 8 25 71 57 56 18 51 47 10 28 79 95 24 58 72 11 58 84 44 21 95 9 13 93 26 54 28 28 5 90 98 30 89 74 
84 4 97 6 35 2 18 83 93 34 86 98 25 5 74 1 3 94 31 91 69 92 20 87 94 69 1 18 62 65 68 36 95 76 32 14 42 78 38 91 74 31 52 22 83 92 33 60 53 38 24 11 38 64 59 22 4 85 34 86 39 79 68 17 29 36 99 46 3 93 26 15 1 73 20 56 60 28 48 90 44 86 86 18 26 88 80 63 6 21 34 71 72 66 49 28 58 9 9 34 50 99 15 18 77 68 55 93 50 94 79 33 72 62 95 24 34 71 17 82 94 29 33 4 1 50 14 6 1 31 95 8 72 24 15 28 5 96 51 37 
68 79 33 17 72 78 7 4 3 44 24 93 49 62 33 66 56 48 89 96 18 60 72 50 88 66 12 73 28 58 14 67 9 34 78 22 35 95 12 44 84 82 6 9 13 99 47 62 20 65 1 4 1 9 50 25 2 65 14 34 16 22 54 27 3 25 78 41 83 43 23 56 42 48 22 47 36 92 18 16 35 44 67 1 35 71 50 10 71 86 11 39 56 97 37 80 55 66 95 90 87 17 58 30 60 44 51 59 30 71 58 40 9 6 34 81 41 82 38 23 74 91 91 73 35 13 42 45 76 29 68 51 3 40 15 48 34 2 38 64 
16 64 28 39 63 5 53 93 40 9 34 20 96 68 21 65 78 88 97 14 10 63 81 27 85 89 39 8 0 92 20 32 93 40 30 70 87 31 40 68 23 88 55 98 96 97 60 23 61 76 93 91 71 49 80 33 42 79 30 19 17 30 70 87 32 96 54 97 99 7 55 36 54 30 13 58 80 49 68 72 63 35 66 62 87 89 4 13 90 60 41 88 43 54 1 69 0 5 53 22 0 4 48 96 77 77 85 65 19 39 69 14 19 75 62 60 49 9 66 6 91 27 56 28 84 99 58 40 33 98 76 66 77 61 68 4 1 28 71 81 
79 96 20 82 77 57 59 2 56 59 74 12 81 48 81 91 92 63 35 76 72 45 97 33 48 89 0 11 70 74 7 65 39 63 87 69 34 23 22 18 85 57 62 1 29 22 42 42 63 26 74 60 48 11 10 49 68 18 97 83 24 86 63 61 15 96 8 51 17 5 82 60 76 89 29 0 69 77 56 20 97 0 28 9 80 38 77 78 55 19 98 86 69 99 67 28 62 74 65 24 21 19 38 17 48 48 61 49 33 25 80 24 34 11 99 54 75 18 23 97 57 73 67 23 28 53 55 30 29 20 95 22 7 8 7 60 64 29 38 30 
89 8 7 46 78 25 68 98 63 69 80 83 11 16 48 43 41 39 4 63 72 44 52 38 80 49 46 16 46 52 71 85 86 31 59 14 23 84 14 73 47 61 97 80 45 15 43 29 25 50 29 24 96 92 47 79 84 83 80 84 10 41 62 45 90 91 1 17 43 9 51 24 24 76 50 62 58 79 80 28 79 63 24 75 45 75 58 11 71 9 72 65 27 69 83 32 78 74 85 46 85 8 63 81 86 45 55 52 54 53 17 8 58 51 16 64 78 14 7 37 41 39 91 20 12 62 96 87 73 44 84 88 58 97 47 95 95 97 33 17 
72 18 49 91 64 46 89 81 74 3 19 84 33 69 1 4 14 99 23 41 37 30 24 49 96 71 77 86 85 35 93 77 3 90 15 86 4 79 28 44 78 38 81 18 29 39 29 16 48 93 29 28 38 18 18 43 14 71 11 0 29 46 46 34 45 51 33 59 47 11 43 80 96 60 47 67 80 27 22 83 4 52 43 49 12 3 48 18 72 35 66 82 41 69 40 64 48 80 38 17 16 0 94 85 60 73 20 93 98 34 36 40 59 51 28 8 76 61 99 14 24 81 97 83 42 81 46 72 89 22 66 23 25 80 74 5 49 13 5 55 
61 67 84 90 91 80 73 52 84 43 9 0 40 59 45 19 28 64 96 64 77 56 63 71 80 24 89 71 44 36 11 82 64 80 84 57 7 1 32 32 40 57 25 7 23 23 55 67 95 32 72 72 8 68 86 39 2 66 50 42 91 52 13 53 42 49 13 32 72 0 28 63 82 54 66 97 85 94 18 6 47 18 84 89 1 3 24 37 62 86 42 68 70 17 77 30 91 92 11 29 20 80 55 36 45 81 68 79 31 53 65 46 96 19 45 24 77 97 52 7 58 87 67 30 85 4 83 61 69 63 74 53 39 62 22 59 18 11 18 5 
51 36 85 88 90 8 42 33 53 25 67 1 24 32 22 19 15 20 13 60 2 87 58 20 36 0 13 5 50 63 20 66 50 37 38 19 50 13 65 89 22 31 41 4 97 97 20 63 76 13 72 0 31 27 28 0 55 45 27 27 3 12 17 15 75 95 1 51 64 0 41 8 85 12 91 0 27 57 23 76 18 37 58 77 53 27 40 16 84 16 78 91 77 22 4 56 79 57 25 25 33 23 33 86 34 41 30 14 12 82 70 92 26 57 88 63 26 22 11 28 99 47 52 68 52 7 75 55 76 44 62 77 90 70 67 31 34 37 55 78 
41 15 38 88 90 87 20 44 32 3 80 57 42 86 26 80 17 82 55 35 27 23 71 89 28 49 87 0 25 61 81 68 50 80 78 74 55 47 86 52 10 11 91 70 51 22 6 8 13 71 98 61 21 13 11 46 11 17 62 44 38 56 82 86 75 10 26 71 76 21 52 87 63 28 80 21 60 75 21 35 7 79 13 72 87 44 41 21 55 91 44 26 98 51 73 31 66 85 45 17 57 45 86 46 39 54 17 53 71 36 78 66 65 89 60 22 76 65 49 5 68 90 73 77 72 36 67 46 66 90 34 88 46 56 89 53 4 5 54 93 
90 6 92 16 8 49 56 64 92 76 24 47 15 83 52 21 46 51 59 10 50 9 74 71 45 85 0 2 23 26 16 30 8 10 54 4 16 42 62 70 24 98 8 51 68 3 91 49 65 5 57 30 53 35 22 23 53 59 81 71 3 18 75 56 7 74 82 67 32 17 19 60 38 63 68 36 95 30 17 99 41 62 99 98 91 92 39 74 83 97 61 81 74 74 54 27 48 62 56 10 30 15 13 88 95 36 5 8 64 46 54 38 12 60 36 62 68 43 79 81 57 78 78 8 65 65 2 66 20 94 19 87 65 43 92 1 94 51 1 31 
25 99 7 10 46 93 8 85 53 1 57 73 66 69 38 1 87 44 18 78 61 24 5 75 51 97 86 15 28 96 68 8 10 84 65 95 26 53 84 47 5 59 26 79 28 61 22 9 95 87 99 64 34 97 78 75 90 41 86 87 61 53 0 42 49 86 42 76 99 87 25 87 4 16 28 36 59 18 48 20 2 15 70 95 81 9 76 26 71 18 11 99 29 13 27 13 75 28 67 49 74 34 54 63 29 69 34 19 21 48 20 58 40 78 15 73 4 43 19 29 58 28 21 46 9 95 96 42 52 48 65 74 63 41 50 23 85 6 53 87 
86 98 9 63 92 81 66 42 89 35 49 17 65 95 22 95 66 54 68 19 4 64 42 90 68 17 55 67 95 96 84 54 27 84 31 86 72 17 90 25 44 70 91 56 99 69 29 62 75 90 82 74 40 30 30 49 83 36 78 65 31 37 24 79 47 67 10 54 91 83 36 81 18 5 80 52 69 17 17 88 33 32 2 7 58 12 72 22 20 24 85 92 14 71 52 18 28 73 5 8 36 68 3 26 12 68 91 97 62 5 82 62 1 38 27 39 77 21 87 31 27 82 98 8 13 87 96 18 14 20 12 32 72 57 71 8 33 32 18 74 
35 71 91 96 46 64 70 64 17 83 46 45 88 11 54 16 49 45 69 12 92 13 67 46 74 12 69 69 10 47 56 91 2 89 63 64 99 64 50 0 51 72 27 2 29 2 68 59 79 63 90 45 32 81 50 12 16 72 77 72 5 63 51 7 35 18 71 52 95 9 49 68 47 70 88 82 52 22 29 47 57 60 21 60 21 85 31 93 30 15 50 53 81 26 99 28 74 11 68 48 0 94 36 22 69 62 4 88 91 70 17 50 58 27 92 4 70 89 15 56 17 92 17 45 13 62 30 35 91 29 18 65 40 96 91 67 82 65 95 62 
29 2 97 93 15 39 12 76 52 68 38 57 1 90 6 15 43 18 59 63 78 8 50 93 82 20 0 67 22 78 86 65 75 63 5 74 28 68 97 82 36 80 77 41 34 24 40 31 40 99 47 11 67 44 10 55 88 77 90 22 1 87 86 88 24 8 95 48 89 96 87 73 15 99 58 28 72 78 48 57 36 36 69 45 66 6 1 43 24 8 51 80 91 50 73 62 85 16 17 29 20 59 75 95 19 4 11 69 87 53 81 90 57 24 82 42 47 27 45 69 50 24 10 18 20 22 50 20 81 70 22 95 32 87 43 81 69 56 21 67 
53 81 13 90 39 39 95 12 33 40 65 9 39 0 37 46 36 14 99 34 59 36 75 60 85 44 36 38 9 17 50 72 75 99 67 73 13 55 50 44 16 34 4 43 11 57 71 86 7 4 79 19 65 24 6 89 1 49 22 17 47 32 42 12 15 72 98 44 67 59 86 79 48 65 68 15 66 54 44 91 96 76 83 20 33 71 1 90 57 13 55 65 11 28 50 17 7 83 13 8 96 14 34 24 35 79 85 9 33 5 48 82 15 29 35 79 9 46 47 50 95 13 54 81 24 71 91 57 66 72 80 16 98 52 37 6 40 56 12 4 
91 59 97 21 61 74 32 10 56 95 75 63 34 62 56 74 22 45 10 48 5 81 1 23 28 58 27 67 85 96 31 54 56 74 51 69 73 49 28 61 23 30 18 14 34 95 48 29 74 48 56 75 49 96 70 47 44 87 27 34 80 22 77 91 50 9 68 86 80 90 65 36 7 88 88 32 99 2 68 87 46 86 37 83 11 92 5 26 21 58 55 56 6 34 31 7 97 98 0 95 3 71 34 4 15 56 27 64 13 10 93 15 87 45 95 31 81 31 69 24 3 56 4 93 10 74 63 32 82 24 52 62 53 41 29 89 10 59 76 24 
57 32 85 13 43 73 84 82 18 16 13 20 74 27 88 68 84 49 39 41 49 72 52 83 18 43 97 67 73 24 90 85 34 48 18 36 95 72 6 87 10 81 66 33 80 22 0 52 40 38 95 67 40 56 74 63 57 25 36 96 4 18 75 57 92 70 41 79 49 78 47 29 14 89 79 12 12 4 32 87 15 93 60 66 20 52 64 8 18 50 18 99 5 53 83 27 23 53 92 1 93 85 48 77 98 31 75 11 26 68 82 41 85 72 86 87 76 5 57 33 55 41 68 33 96 66 99 95 89 72 56 47 95 24 79 26 28 34 50 51 
61 85 93 48 61 9 90 99 29 9 70 9 55 25 77 31 30 74 4 42 54 21 94 25 97 16 96 54 5 90 1 70 70 80 81 71 57 30 18 63 26 88 28 96 75 73 19 79 53 73 28 18 83 56 36 21 77 28 95 54 10 2 11 56 62 89 38 89 81 48 0 23 21 24 98 86 63 18 82 13 93 63 46 87 72 55 96 95 23 65 28 34 30 74 18 58 95 24 10 46 76 95 77 76 29 90 13 61 92 68 37 17 10 16 98 72 88 19 4 60 67 11 72 2 46 82 35 22 78 32 68 63 12 20 20 16 66 82 50 91 
45 16 19 17 44 87 66 25 6 51 66 67 46 2 81 48 75 11 68 68 1 1 65 68 55 45 24 73 20 34 10 96 15 39 39 96 88 42 7 69 69 48 57 89 99 79 62 97 81 41 17 39 66 87 17 63 63 38 58 23 96 49 75 37 78 6 14 14 61 78 89 95 77 40 2 56 47 16 10 60 75 56 92 60 97 44 57 98 38 11 19 13 20 39 88 90 72 39 6 82 47 27 24 23 94 88 81 21 59 16 63 64 58 96 13 76 55 4 39 47 85 2 92 20 48 24 11 43 38 81 66 58 20 37 78 29 82 48 50 87 
90 18 32 45 91 4 24 1 61 16 66 80 44 14 42 74 64 98 76 30 55 67 29 62 4 58 80 95 50 19 66 61 45 25 53 78 9 17 34 93 98 87 12 43 47 94 78 47 31 60 11 33 40 12 80 58 25 67 30 94 82 55 89 82 26 12 82 97 65 41 86 43 54 99 85 66 41 0 56 74 12 75 81 31 25 89 87 26 24 7 1 22 17 64 79 43 7 74 93 57 37 38 74 60 85 89 46 95 7 18 87 9 92 63 94 66 76 27 84 66 95 43 22 18 94 77 6 37 84 96 21 51 2 24 25 81 77 22 91 60 
99 83 39 55 97 35 40 69 99 89 95 62 38 15 7 61 8 10 16 29 98 14 32 23 12 30 37 18 76 89 90 43 52 52 83 52 78 44 79 60 24 6 71 87 78 89 53 9 99 17 84 71 55 37 48 17 37 56 85 25 84 58 91 24 9 33 36 83 39 25 40 87 94 84 98 51 6 71 90 68 35 75 78 54 62 90 50 25 96 10 87 32 27 46 54 22 44 66 2 68 34 8 17 25 4 18 33 15 65 6 63 57 84 54 77 0 75 81 71 67 96 27 49 44 6 84 34 66 46 12 0 42 60 28 67 72 36 82 1 93 
84 81 82 97 92 94 33 68 26 60 78 64 38 72 55 67 62 70 98 82 81 2 16 81 34 37 82 35 79 59 90 91 29 35 88 60 28 23 49 41 54 82 58 32 92 71 90 48 43 47 92 28 72 10 55 29 98 16 52 70 38 55 67 73 28 0 53 13 62 9 52 29 0 51 99 35 28 2 72 84 27 73 79 69 29 58 58 44 92 57 56 80 19 48 91 26 84 97 32 1 38 80 21 59 24 62 8 62 8 29 37 39 53 10 82 72 95 71 11 46 72 82 57 57 81 45 20 14 73 2 33 1 25 25 53 51 88 9 54 26 
86 99 7 86 57 68 50 11 15 62 86 46 17 75 25 3 13 56 70 34 98 35 85 13 10 13 0 74 70 18 94 96 28 99 12 4 33 58 76 56 73 10 27 30 75 3 72 38 28 49 35 34 56 22 14 46 9 42 53 65 52 93 68 24 37 3 62 61 30 32 58 53 75 16 89 13 89 65 93 8 16 43 34 99 50 86 36 64 65 53 44 15 66 59 42 91 24 86 20 59 67 31 72 15 24 43 92 10 44 35 81 68 36 62 76 53 91 57 83 91 56 62 91 11 72 21 91 24 92 72 8 23 54 95 94 46 42 47 38 16 
32 64 7 35 86 66 41 54 18 57 90 97 40 57 19 35 58 64 91 56 1 62 3 57 75 0 60 82 74 99 93 47 52 86 18 44 8 40 13 95 51 32 75 1 75 30 36 46 10 80 70 42 78 93 24 14 3 62 58 30 61 46 29 7 58 65 19 87 82 55 74 29 37 3 94 76 93 50 45 85 73 22 88 54 98 92 88 25 96 71 59 77 7 31 6 76 25 32 47 26 23 74 6 19 59 36 35 32 99 23 7 15 13 47 77 34 39 24 54 25 68 7 86 76 37 87 15 97 70 29 71 39 69 34 40 35 52 70 33 87 
63 6 2 83 85 59 22 81 4 99 93 98 36 10 62 58 21 28 67 92 85 28 25 64 36 96 18 93 82 32 16 20 53 73 21 30 66 6 49 95 27 68 98 58 69 3 34 78 55 56 38 78 89 81 17 38 46 82 72 3 87 78 58 71 21 63 18 56 24 40 54 57 94 98 90 81 60 90 55 18 84 52 78 58 52 49 35 72 92 51 34 68 77 96 49 38 32 31 8 6 88 55 60 67 0 91 65 75 59 31 0 11 1 97 82 16 55 43 41 59 68 74 2 19 61 6 35 28 85 48 4 6 71 22 21 4 83 87 87 18 
42 90 5 51 36 37 72 13 48 64 44 32 59 42 47 0 70 98 8 60 34 48 58 13 31 27 88 95 66 22 84 28 34 52 1 3 0 73 63 39 31 61 84 9 81 58 21 56 93 5 9 97 27 90 36 9 98 71 26 85 39 58 52 6 41 85 34 75 95 83 86 22 8 42 96 4 41 73 3 80 44 63 90 11 99 98 61 5 16 78 33 69 30 25 67 47 1 64 12 53 91 87 32 28 47 79 42 98 32 44 37 75 60 24 22 10 73 26 34 82 97 32 83 96 81 13 52 6 14 31 26 79 44 20 53 7 5 41 64 43 
32 74 99 56 93 87 85 49 3 97 98 96 93 38 0 29 23 74 81 27 95 20 16 2 31 10 69 85 78 77 4 17 48 44 12 59 65 49 82 59 79 26 58 24 84 73 8 90 95 50 27 66 32 92 88 13 38 73 65 63 82 3 59 4 98 97 73 27 67 38 92 54 20 97 85 63 46 7 98 94 50 89 74 0 18 42 44 15 38 59 88 94 24 85 19 8 13 94 62 82 11 10 59 48 6 40 50 48 5 38 0 53 30 59 18 94 78 43 87 92 3 54 64 74 61 81 50 34 67 41 5 55 88 20 94 21 33 4 22 23 
11 62 68 15 18 33 28 43 71 55 55 95 79 9 43 36 97 42 21 27 16 87 84 40 51 71 80 47 28 65 67 32 63 69 5 95 60 8 35 81 99 3 24 60 30 25 36 74 47 21 41 69 69 4 7 55 68 38 77 73 19 85 16 5 38 41 56 47 85 45 31 76 68 66 30 54 41 51 5 86 35 29 11 38 18 9 43 47 5 63 56 39 20 25 87 35 31 8 45 73 19 77 73 69 55 33 82 56 98 22 99 43 39 75 26 0 94 84 65 13 22 25 77 55 77 98 55 54 71 19 58 11 68 15 34 48 21 11 54 71 
70 38 6 52 33 65 88 11 83 74 7 42 20 77 40 33 50 67 98 83 48 7 41 92 62 71 72 28 60 83 31 27 16 69 27 68 29 65 9 61 87 61 42 51 78 63 73 96 23 38 29 78 17 74 83 84 25 37 5 80 73 1 6 57 60 93 49 64 90 30 87 31 85 83 98 57 54 43 66 35 82 85 84 77 50 63 78 40 14 16 34 85 0 48 47 58 49 78 61 58 26 68 37 40 90 88 64 99 18 88 55 31 66 89 50 60 81 30 25 86 38 69 75 83 68 30 42 44 58 27 96 44 58 0 24 69 47 69 25 73 
87 34 42 28 7 61 37 27 69 95 17 25 1 20 35 24 38 10 24 39 85 43 28 45 0 89 47 57 21 45 34 35 23 44 46 46 20 84 94 68 22 19 86 94 96 97 82 25 12 33 88 1 51 42 96 43 33 10 16 98 60 98 89 53 29 3 80 75 18 75 36 0 14 9 4 59 98 74 75 51 8 95 87 62 61 25 50 41 5 25 63 58 51 72 70 47 95 71 50 24 16 75 49 13 49 47 46 26 64 73 93 35 20 48 19 10 2 28 67 73 22 28 21 79 52 28 38 41 83 3 86 36 50 18 33 1 46 74 17 92 
42 39 3 65 18 27 56 89 25 77 49 77 20 38 58 55 90 90 47 54 59 98 95 69 89 41 75 92 84 83 54 17 84 60 20 17 75 34 78 6 86 81 84 34 75 10 52 89 21 81 67 29 31 81 92 32 2 31 91 98 6 39 37 49 33 12 7 87 83 17 9 76 89 65 51 65 28 17 60 74 48 98 65 89 60 8 69 3 10 64 1 8 49 11 29 95 60 83 2 76 15 6 56 21 25 12 45 27 28 74 44 53 38 73 37 49 78 81 77 12 26 24 17 46 12 21 7 7 90 58 74 13 20 51 70 21 59 53 55 71 
79 59 70 28 41 85 36 16 98 33 3 82 24 55 35 60 57 68 10 39 9 63 12 77 13 78 41 24 57 15 23 56 49 33 78 33 22 92 68 67 30 92 30 3 21 26 99 87 69 63 91 71 82 92 11 23 70 21 92 52 79 75 97 14 59 8 88 50 72 66 92 38 87 1 49 80 12 56 72 23 66 10 72 68 34 42 5 56 59 38 95 90 60 80 77 81 50 25 82 67 49 10 23 48 87 62 5 29 64 67 19 29 63 79 46 47 57 14 29 18 38 50 57 45 55 0 9 17 20 52 47 54 42 39 94 93 69 80 9 32 
81 3 21 4 82 37 5 56 40 96 9 34 49 42 98 76 46 58 53 53 48 73 26 51 85 82 54 76 40 74 24 8 74 32 71 37 38 80 97 44 79 93 46 62 30 10 88 63 73 7 33 73 66 54 23 36 18 65 71 67 60 3 2 66 43 51 70 76 13 43 27 62 42 73 79 88 62 9 29 86 38 80 50 66 99 76 61 70 58 70 64 46 33 64 29 49 90 20 70 66 50 66 58 26 68 25 64 18 85 84 5 73 58 7 0 99 88 69 29 24 8 0 88 1 10 63 34 97 17 37 77 98 26 62 55 8 89 25 15 56 
61 66 16 48 81 30 3 88 20 95 56 98 95 23 86 9 19 76 55 24 31 4 36 18 36 83 40 54 54 41 7 45 23 58 98 63 58 21 50 5 11 29 36 54 27 71 24 29 3 23 17 96 70 49 11 67 87 8 28 88 80 97 48 87 16 70 51 4 38 92 53 35 24 74 26 72 87 96 65 32 26 57 91 69 15 11 28 35 49 99 14 68 41 35 94 44 14 83 99 58 35 35 85 62 80 22 75 17 4 64 79 3 28 37 11 73 38 13 14 85 30 77 31 4 8 0 2 89 55 19 21 6 21 4 80 30 30 39 23 63 
74 3 95 60 96 83 20 53 79 25 63 13 96 9 70 41 23 17 65 14 9 62 69 14 21 69 93 52 47 46 92 67 58 74 85 46 5 83 41 22 56 72 4 25 88 8 99 85 44 69 60 32 43 0 4 72 54 18 47 83 60 46 21 29 48 87 50 27 58 63 28 92 64 94 92 96 61 72 0 3 99 12 80 6 99 43 95 76 77 27 16 83 77 55 61 92 8 49 96 54 2 10 62 21 25 35 49 40 30 78 69 76 64 4 12 88 61 45 74 79 9 52 66 3 71 6 83 83 6 59 76 99 43 28 39 84 90 22 28 93 
25 46 83 23 50 82 54 88 6 31 46 96 6 2 83 53 64 12 74 60 14 16 54 33 34 68 27 95 7 51 63 46 9 77 69 89 67 96 13 32 9 64 67 53 15 13 53 56 25 58 87 52 80 11 27 35 48 22 66 36 73 99 51 23 86 7 83 89 52 34 34 16 2 0 3 47 9 42 16 23 4 15 61 78 67 93 23 46 23 58 49 74 60 30 44 82 92 27 87 73 9 73 22 38 16 51 39 1 41 8 11 22 70 95 40 68 11 35 59 42 99 82 77 49 68 64 38 77 51 7 26 64 15 76 44 79 86 69 58 50 
62 9 71 91 4 22 19 24 60 8 3 30 28 26 45 20 95 21 68 83 94 93 3 6 65 33 19 79 50 74 59 67 5 18 52 22 77 60 48 41 45 66 43 28 6 52 49 49 34 25 46 53 26 70 88 96 1 37 72 37 24 17 53 94 77 77 43 19 82 27 4 97 27 68 59 95 52 58 46 75 79 13 31 2 39 65 92 66 35 81 31 17 79 86 32 55 79 90 58 23 88 84 28 13 85 44 96 19 91 52 72 33 3 96 23 3 49 64 91 63 86 54 94 53 70 61 13 66 2 22 71 63 22 68 84 81 14 95 62 58 
84 14 98 10 54 58 51 82 27 58 27 33 16 49 89 23 20 78 65 99 32 52 67 38 44 93 76 29 17 65 98 59 14 17 14 28 45 45 43 16 36 4 71 81 29 1 7 4 56 83 78 15 5 45 64 50 32 38 36 22 62 77 48 3 44 67 18 53 24 31 49 25 56 53 99 65 86 72 50 60 87 26 50 56 98 84 58 51 99 69 97 35 37 91 84 54 96 3 78 68 98 60 79 67 43 70 43 88 28 91 64 45 14 84 51 67 52 97 54 0 31 33 9 38 12 11 21 94 85 21 57 7 2 43 76 73 39 73 65 77 
15 26 5 98 32 36 48 64 44 5 1 84 92 2 40 84 10 93 42 53 22 16 11 15 41 52 74 58 75 30 34 73 47 48 93 0 1 99 15 29 30 97 95 54 89 92 66 13 25 82 11 78 23 99 59 43 50 25 81 87 73 7 54 78 65 50 96 39 88 26 40 65 7 5 57 30 49 3 18 84 72 53 41 2 79 0 45 66 62 80 11 66 12 63 71 43 28 86 26 19 91 57 25 21 56 96 24 15 93 85 52 95 10 70 84 71 1 45 9 7 44 15 79 17 42 47 35 7 32 84 57 83 10 63 85 27 27 14 33 26 
50 8 27 65 7 55 0 81 16 84 9 88 39 93 59 46 34 55 68 18 76 40 44 40 30 89 87 84 5 77 79 70 27 81 27 57 21 70 59 94 36 75 26 47 47 86 11 5 0 85 70 56 16 86 49 2 73 60 93 46 96 91 1 81 26 29 20 63 0 70 78 46 42 39 86 88 62 42 31 1 62 59 98 62 45 26 66 33 0 15 89 99 28 6 47 6 69 52 56 26 31 32 73 54 62 26 98 59 62 85 14 76 95 97 30 72 47 51 2 70 9 68 63 13 67 86 97 64 46 15 80 6 27 45 74 19 58 44 27 47 
22 16 81 11 81 35 74 32 73 6 84 13 15 14 87 46 48 92 93 3 93 1 76 4 81 18 6 53 73 46 37 81 36 13 65 96 49 64 82 21 0 43 88 38 67 12 58 32 15 86 29 10 57 47 61 89 76 88 59 32 10 1 55 63 52 74 96 45 74 36 94 83 37 42 93 13 62 73 62 98 30 43 42 60 31 47 67 35 65 22 93 6 83 62 33 96 50 39 43 81 86 1 4 17 21 82 60 86 95 94 70 95 1 35 73 42 43 58 83 67 85 29 29 18 81 57 78 56 29 3 7 95 53 32 37 94 70 54 25 27 
45 41 4 46 92 77 23 64 72 50 57 11 35 64 99 60 4 9 57 53 66 31 51 2 35 97 44 53 65 33 27 9 6 39 87 4 61 77 76 38 94 35 89 18 46 83 82 11 47 63 79 3 10 6 65 41 60 64 24 30 32 94 45 27 27 92 51 21 26 23 12 23 10 24 79 77 32 60 61 42 62 94 86 15 65 87 26 99 15 63 88 98 68 87 64 55 13 9 94 92 35 73 61 85 36 73 33 87 2 59 73 2 91 10 88 95 45 49 39 73 46 1 82 16 78 21 68 28 58 89 48 91 39 35 48 94 31 41 16 97 
51 61 15 91 17 24 56 41 17 91 92 73 4 32 97 42 28 56 44 91 1 83 24 10 31 96 39 28 68 68 40 32 87 44 99 60 59 71 12 73 58 51 48 42 20 40 24 29 94 90 6 38 4 8 93 80 17 68 26 5 8 9 2 41 89 96 42 84 63 29 0 17 64 27 36 1 1 77 62 79 20 54 65 3 99 99 76 41 86 88 69 55 57 71 11 22 45 36 15 80 11 54 34 20 81 45 96 95 86 58 27 58 95 47 67 79 32 31 27 21 54 89 63 25 75 40 74 36 40 82 42 26 20 56 18 23 34 88 79 30 
63 19 74 79 92 38 7 96 90 54 16 68 17 23 76 69 0 73 30 33 4 16 83 51 37 77 66 1 41 28 82 95 84 27 72 43 92 87 48 86 85 14 23 29 24 70 39 62 10 75 30 53 67 66 28 65 60 67 9 16 55 43 39 99 92 80 4 48 55 22 17 3 39 55 56 62 76 94 88 18 23 2 72 38 28 43 74 98 73 5 69 3 78 52 79 20 39 30 5 93 85 35 78 6 26 23 62 36 18 7 48 66 9 94 79 55 91 55 13 2 11 11 45 61 97 40 50 22 14 90 42 74 27 93 62 99 95 71 36 76 
75 13 40 50 91 11 48 7 88 48 16 83 54 37 8 40 7 76 18 17 80 16 25 65 8 53 2 18 86 43 35 57 39 55 54 5 68 96 19 10 96 52 79 50 36 18 36 49 11 22 76 71 20 50 98 98 66 61 30 15 22 96 78 38 26 4 51 83 68 62 29 64 80 85 61 88 53 97 62 73 17 38 44 10 26 73 70 43 10 65 72 34 20 97 75 52 79 67 14 6 91 26 89 75 84 29 39 55 95 88 78 40 62 74 83 3 17 72 91 56 12 16 89 59 75 76 91 48 47 31 22 41 9 42 31 24 43 89 35 3 
12 36 66 71 73 64 98 60 78 66 52 71 58 99 44 96 81 65 70 92 72 60 37 82 74 42 58 59 52 8 70 62 14 70 1 95 58 97 55 85 50 91 27 87 71 10 9 40 33 88 5 74 63 70 41 73 74 94 70 64 18 12 68 61 48 75 41 45 20 22 86 97 61 59 47 19 12 42 66 60 21 30 8 55 15 20 64 74 56 54 89 8 96 26 28 12 22 5 15 57 51 60 60 29 67 43 92 1 18 29 89 23 99 71 7 59 30 17 11 18 71 70 62 80 4 45 90 43 4 29 44 78 64 90 32 86 44 78 49 12 
