140 175
57 37 39 83 36 9 29 32 37 20 19 43 63 85 43 8 58 48 51 2 90 3 97 45 10 65 83 52 77 25 93 4 50 16 40 40 18 16 85 0 25 76 92 95 76 33 3 31 43 11 63 34 89 59 38 27 19 10 94 88 39 30 26 76 27 68 62 97 19 5 62 35 47 52 43 78 51 13 56 99 13 6 42 30 14 11 51 93 83 56 30 76 86 81 79 50 75 56 76 95 25 93 60 50 34 72 68 17 92 58 83 44 32 27 37 13 10 18 48 5 88 25 70 72 92 91 14 31 33 78 8 95 92 26 42 89 83 12 42 42 17 38 46 27 12 50 96 50 99 86 57 90 24 8 34 90 6 39 51 4 98 75 21 54 76 6 58 43 10 79 61 2 53 80 17 
97 43 92 29 73 16 33 56 12 27 5 52 24 80 55 18 63 71 39 89 73 58 84 73 59 44 55 87 30 35 43 10 97 21 19 29 95 21 36 55 32 34 59 1 51 65 65 98 90 12 14 69 17 84 8 53 18 58 31 4 28 42 72 53 92 20 31 49 3 95 14 26 97 65 26 53 4 9 34 99 62 70 94 73 4 47 83 75 17 87 77 44 36 35 64 27 39 34 19 34 68 36 92 17 39 68 36 92 56 49 64 75 38 89 10 20 76 11 86 97 39 47 93 1 9 92 13 98 74 67 22 41 6 50 87 70 26 64 93 84 11 86 38 66 11 39 87 62 69 6 6 86 53 72 57 93 48 96 48 37 33 15 57 89 60 61 48 48 29 99 74 68 81 50 99 
75 95 65 39 49 67 28 72 28 6 65 99 13 89 64 65 86 37 17 15 36 57 41 96 85 10 99 36 46 15 46 40 99 14 25 98 40 0 77 0 77 11 94 57 88 74 92 29 70 10 56 88 63 94 19 15 30 54 43 21 45 98 97 89 78 80 12 14 40 25 21 60 79 94 30 80 56 74 26 94 68 42 92 54 58 48 29 46 52 83 46 61 32 99 99 30 94 19 29 99 11 47 96 41 24 85 29 15 93 14 74 52 48 57 46 74 28 55 28 17 29 70 69 40 36 77 92 28 83 49 8 99 26 98 36 50 82 5 18 80 79 84 64 98 14 79 16 75 92 99 83 36 50 79 59 8 34 35 22 55 56 79 91 28 50 92 90 17 74 70 45 58 24 7 0 
6 78 94 42 15 21 75 29 6 47 87 25 67 67 88 7 26 49 57 86 44 16 92 20 21 15 25 44 98 2 17 22 44 24 46 36 94 39 5 74 38 38 75 3 1 55 29 31 42 36 25 53 61 77 67 95 41 79 93 63 6 10 49 42 8 19 75 60 49 23 86 24 98 57 6 25 88 83 13 76 35 94 14 11 62 3 71 85 56 6 8 10 15 60 65 67 22 74 94 89 51 99 64 76 23 16 97 23 99 59 31 63 82 95 84 99 62 91 10 7 24 20 87 85 32 53 64 59 83 93 42 20 3 90 35 71 98 20 47 49 81 26 67 12 58 82 65 37 90 47 32 42 70 81 4 29 11 93 7 59 52 3 48 38 64 64 66 44 72 94 0 21 35 26 40 
36 46 51 9 18 53 96 55 61 80 83 7 22 33 37 39 64 87 13 54 47 53 41 89 96 54 13 56 29 95 97 4 22 80 98 8 67 14 32 70 83 95 57 70 11 83 67 0 47 55 58 57 13 12 3 14 3 83 33 35 18 70 49 49 37 31 15 19 35 95 14 36 76 82 42 52 65 73 46 93 87 20 83 27 41 93 32 20 22 46 62 8 65 51 78 10 67 51 81 30 93 3 29 73 61 78 23 7 7 65 98 51 14 71 72 85 23 18 60 89 95 5 41 59 61 29 1 97 65 68 26 84 83 29 22 66 26 39 53 90 71 71 17 52 88 87 79 99 19 22 20 64 87 70 82 28 34 45 71 23 15 86 35 6 4 29 83 70 70 27 53 34 18 95 59 
80 0 30 65 81 7 51 76 46 12 38 48 62 7 25 10 92 51 49 25 14 47 48 75 14 19 63 92 75 99 2 17 15 15 57 10 76 43 84 21 18 92 28 7 21 25 7 23 80 36 98 46 44 53 74 65 83 31 51 79 10 28 35 79 21 30 21 62 10 15 61 69 79 69 96 82 12 78 36 31 73 10 54 96 51 40 40 87 15 11 81 32 22 64 81 5 37 87 22 11 4 31 57 67 26 84 79 31 42 17 18 22 97 86 75 97 82 51 33 68 49 24 44 40 14 73 22 9 7 30 63 72 33 61 48 56 21 42 8 8 78 14 96 0 24 21 54 53 98 56 27 71 15 32 18 8 26 65 36 42 35 5 7 58 85 17 93 19 20 49 94 8 33 46 56 
43 90 30 51 16 65 85 0 14 53 7 28 44 85 31 38 18 39 98 33 81 65 37 67 33 17 44 47 66 32 13 26 55 91 4 50 95 47 35 59 24 18 65 64 96 83 98 30 30 63 26 42 69 71 53 3 51 43 56 16 27 12 74 0 77 93 55 62 72 17 23 53 39 58 19 15 97 33 18 68 78 40 77 65 33 6 37 83 20 43 17 64 67 29 6 99 41 76 88 20 38 31 53 36 2 11 8 97 33 44 42 65 9 12 73 30 99 15 41 73 85 24 69 84 10 78 2 22 77 49 13 57 39 64 63 66 37 50 55 40 97 53 42 59 8 90 39 35 26 92 84 61 2 34 89 12 52 51 18 1 91 39 45 80 81 85 43 46 55 97 56 70 20 57 12 
45 98 17 15 85 86 16 20 72 60 88 76 46 27 23 81 89 23 63 5 78 95 70 91 21 66 35 34 0 70 30 40 74 24 89 92 68 63 91 59 92 64 54 28 46 60 52 49 99 72 23 25 66 14 23 5 28 33 23 57 2 85 78 23 83 35 93 2 47 76 87 61 75 49 48 26 97 43 8 59 87 89 69 71 49 79 25 21 69 82 9 0 68 23 70 42 31 52 68 76 55 98 90 16 48 61 50 99 98 0 95 79 53 31 29 20 24 12 21 14 24 13 55 30 74 48 21 62 43 25 39 74 57 37 82 53 47 3 71 48 91 92 19 38 10 64 54 94 2 41 24 96 55 71 55 7 41 68 54 34 25 56 69 13 4 90 8 8 33 74 58 87 1 60 43 
37 44 16 45 73 40 59 93 9 23 98 82 14 74 38 20 66 29 58 9 42 51 1 87 82 33 18 15 91 5 72 17 87 65 86 1 12 52 39 80 65 15 25 6 64 2 44 58 84 18 47 49 93 96 45 28 1 46 46 49 10 86 7 38 39 58 87 16 14 28 82 67 73 69 20 74 34 24 22 31 89 83 83 36 61 32 5 5 55 96 1 65 87 84 70 30 48 62 0 33 6 89 38 71 1 15 84 63 19 23 34 72 16 2 51 38 71 90 96 49 89 69 28 42 26 59 29 65 91 99 19 63 28 99 27 10 33 75 54 47 5 21 18 37 90 63 38 6 35 31 82 40 15 50 7 0 89 97 28 96 17 46 96 46 19 8 13 30 15 6 93 66 30 51 70 
70 98 1 14 99 71 65 35 87 62 70 72 77 10 45 13 67 24 66 99 89 92 36 60 53 1 63 80 91 25 9 56 15 68 67 31 83 75 45 65 91 84 39 42 38 97 47 91 69 35 76 57 84 94 7 1 31 81 90 27 60 50 80 59 55 65 22 3 21 74 39 52 96 63 67 62 58 23 72 6 33 53 8 9 63 66 88 54 46 39 56 55 64 99 90 95 22 4 69 1 70 6 36 24 42 62 4 94 2 16 72 47 74 60 90 48 44 41 1 86 33 95 15 59 91 66 71 76 49 45 96 4 77 74 99 41 34 85 58 9 98 58 63 33 87 34 21 21 61 12 49 24 52 73 77 56 95 3 55 12 16 26 61 17 66 94 31 82 42 88 67 37 37 12 99 
93 30 56 68 41 70 3 72 31 65 88 74 45 57 96 75 72 85 89 77 42 62 32 73 32 4 50 14 74 30 92 36 11 13 3 72 56 24 54 59 3 82 33 31 62 24 73 70 37 94 82 61 10 53 96 34 94 70 25 85 65 95 72 13 5 65 45 37 51 54 30 40 33 62 11 5 92 6 24 34 32 62 66 66 13 15 68 39 20 76 31 81 61 84 72 36 13 90 40 48 15 31 16 12 4 30 74 72 47 64 37 6 93 74 52 35 46 13 46 1 23 67 81 71 6 34 86 51 30 17 87 37 76 72 41 77 36 36 54 17 45 35 95 59 47 62 75 53 19 7 95 66 63 80 32 79 19 9 46 38 83 97 99 63 17 65 64 69 64 10 55 30 58 16 4 
23 16 98 55 23 14 75 42 74 36 51 79 77 55 9 41 28 23 10 53 83 62 10 82 19 44 14 62 40 39 71 17 68 14 67 29 18 94 99 26 93 3 50 56 19 37 29 97 28 1 53 34 41 52 50 27 12 62 75 46 31 19 70 72 7 89 36 92 53 63 40 43 79 99 5 71 2 97 71 63 79 94 15 63 15 41 58 39 98 79 94 71 15 68 71 92 46 50 30 51 99 68 77 74 36 30 24 62 77 28 38 23 87 49 70 29 12 21 46 29 85 70 85 0 55 70 71 91 34 74 34 15 32 95 23 77 21 73 83 31 24 49 83 35 49 89 91 2 49 65 3 98 81 36 82 94 97 81 44 44 25 97 78 59 18 6 99 3 1 68 70 25 60 84 53 
0 83 83 79 66 19 46 93 67 16 53 38 82 64 24 34 0 28 22 89 17 79 18 95 57 13 94 29 74 29 46 6 93 46 83 43 79 20 65 41 16 44 55 49 88 21 51 82 54 36 41 52 57 4 71 97 14 25 27 18 11 25 46 17 38 82 67 30 70 7 36 40 24 41 21 98 27 96 29 76 94 3 50 35 52 79 30 33 47 71 50 15 91 65 47 92 37 84 98 75 24 80 71 34 10 5 76 47 63 19 69 98 76 83 47 93 72 33 54 50 61 20 14 56 88 24 16 9 26 52 72 94 46 21 28 98 55 9 25 10 96 27 62 21 22 91 45 80 20 59 16 26 68 22 27 62 82 45 6 8 48 73 35 94 24 81 59 26 17 51 76 12 38 51 27 
71 15 0 78 97 78 94 51 35 20 38 54 58 64 12 80 77 53 47 41 34 61 66 94 55 3 48 45 75 78 20 75 7 12 16 94 67 7 68 27 33 57 25 32 46 52 22 9 7 44 46 84 80 25 48 42 34 96 76 20 34 94 68 34 86 92 37 12 65 43 82 65 23 44 64 11 30 17 64 55 90 99 42 25 2 51 29 85 11 6 86 67 92 92 6 11 7 97 14 8 0 49 38 77 27 75 81 50 98 28 35 53 51 41 81 72 85 50 33 80 26 44 5 73 81 5 61 62 72 12 68 5 14 9 54 6 15 75 9 83 60 72 8 13 32 86 25 66 46 84 22 72 96 87 32 49 83 13 30 73 57 53 59 92 38 83 8 91 22 2 60 25 65 24 53 
72 25 68 85 71 22 51 11 1 83 38 81 74 78 66 80 81 9 78 38 27 5 68 63 88 62 12 48 83 3 22 99 94 31 76 41 37 72 3 61 1 13 66 59 85 75 1 91 45 15 48 71 60 24 13 63 4 24 28 14 84 50 74 62 92 69 82 87 76 59 96 91 75 65 49 12 76 27 18 18 16 87 18 19 79 76 69 41 9 28 55 43 12 90 58 60 39 11 63 14 78 24 74 73 48 41 83 7 1 79 20 77 52 69 27 77 66 27 1 9 3 5 91 72 9 45 76 27 26 37 64 60 89 12 90 74 45 55 23 82 1 70 45 83 39 86 11 96 83 87 0 97 38 37 37 73 52 82 98 59 69 95 0 6 23 57 37 74 19 69 76 58 10 54 97 
97 55 87 30 73 52 67 78 9 18 56 1 32 79 62 2 88 95 83 77 55 8 23 51 80 23 56 46 32 37 63 29 15 21 91 12 53 41 15 7 97 96 8 69 84 50 43 44 31 4 18 9 56 24 32 50 13 47 38 5 76 89 20 78 70 31 15 10 64 49 54 61 49 81 94 64 66 36 95 84 79 45 68 57 24 68 32 18 48 89 79 59 49 89 29 82 10 75 67 40 37 34 88 94 77 0 32 51 50 97 21 54 36 85 70 37 70 10 45 93 87 18 9 27 17 19 11 24 38 43 9 34 94 59 58 8 25 14 42 96 90 10 96 37 18 71 14 62 51 46 20 95 93 76 54 28 16 75 8 1 66 87 12 63 64 68 16 18 22 2 4 0 52 17 39 
37 87 88 57 9 20 20 85 60 3 59 51 69 29 43 90 13 42 57 62 84 50 18 46 34 67 8 44 89 45 45 89 53 35 99 59 13 68 67 83 30 47 8 1 33 91 96 2 98 30 61 99 12 40 36 18 6 74 53 53 5 81 14 29 34 60 74 8 72 50 74 14 3 68 76 60 74 79 81 90 77 82 51 37 55 45 45 22 80 2 97 15 65 81 74 61 69 24 66 58 18 6 43 71 58 12 88 93 58 44 70 19 58 86 88 60 9 14 12 77 20 99 52 36 96 81 49 60 52 76 43 63 31 5 96 26 59 13 82 68 16 90 36 82 74 70 63 31 13 7 28 45 32 96 74 56 99 42 48 20 85 93 51 1 47 36 27 68 44 38 95 4 76 43 50 
6 77 36 89 35 41 18 70 61 77 87 18 85 36 45 42 15 19 54 63 52 72 31 20 85 26 77 19 66 84 50 14 48 77 29 15 13 17 2 83 77 16 96 4 35 1 8 6 20 82 76 7 46 48 44 95 97 63 10 62 44 10 81 36 8 26 59 32 98 65 40 59 80 92 0 88 42 83 49 59 3 71 20 19 23 94 27 26 30 67 19 2 54 79 45 65 41 79 51 31 50 77 11 88 55 74 28 19 50 18 20 45 0 55 63 86 25 2 17 92 74 91 38 61 24 49 3 67 13 66 18 97 13 39 15 91 46 56 62 93 22 44 50 10 91 38 55 4 10 2 48 94 3 8 73 7 4 41 42 96 86 16 52 55 59 76 87 60 96 52 21 55 60 57 85 
33 99 76 45 69 39 88 29 21 37 44 48 38 45 61 69 60 16 25 38 53 9 1 85 90 40 32 95 15 53 18 30 18 38 85 6 88 11 68 53 94 61 94 31 20 19 20 93 66 92 41 15 28 25 91 26 87 39 98 34 12 55 89 4 86 94 30 6 54 50 21 77 68 86 39 84 51 18 88 63 93 51 53 85 21 1 52 50 68 99 52 31 22 43 65 97 74 59 68 37 59 47 31 63 28 70 63 86 37 32 9 22 92 69 54 65 51 20 27 97 86 41 73 29 18 75 53 39 67 98 57 44 66 28 90 13 95 20 40 29 81 87 78 84 21 74 86 45 89 89 21 36 50 21 27 49 54 85 62 41 89 13 83 8 23 58 57 92 48 41 70 59 6 46 10 
97 19 20 24 68 91 49 53 32 25 14 62 52 47 88 63 0 92 62 73 0 36 25 16 2 90 16 46 68 12 49 31 62 20 80 91 28 16 89 76 4 34 83 99 93 80 42 64 83 34 86 45 20 56 50 66 27 59 67 7 7 54 21 94 78 6 40 13 58 87 32 65 0 51 94 79 89 99 33 43 91 97 88 81 61 50 22 45 15 67 17 76 56 64 58 73 0 93 74 3 95 68 60 87 96 53 52 91 25 9 4 96 69 53 78 69 51 42 94 45 0 49 28 2 31 45 14 17 26 67 52 93 23 77 64 29 41 80 9 65 80 91 53 94 22 34 73 19 41 65 17 71 22 39 75 91 92 88 3 55 44 51 98 64 59 77 28 7 53 69 68 83 45 63 69 
44 41 97 99 9 81 44 88 40 14 99 31 81 26 42 26 32 78 0 57 47 13 62 88 95 39 16 71 71 59 55 78 15 6 89 25 6 10 95 88 94 35 5 43 87 89 81 84 29 23 98 76 8 92 28 64 91 0 56 52 42 22 41 60 43 24 31 11 46 86 33 27 92 60 26 19 77 47 9 65 71 97 7 14 27 56 28 12 9 13 34 28 52 21 66 4 94 30 26 88 96 92 64 14 99 33 26 88 57 88 71 92 77 45 64 66 6 1 92 30 54 26 7 71 4 41 46 84 54 90 40 33 8 39 72 78 22 78 1 62 84 12 23 47 14 15 27 14 12 76 23 39 40 70 15 26 48 24 94 20 10 37 76 93 86 28 73 37 92 20 0 87 43 77 61 
75 19 85 14 31 71 21 90 68 14 60 95 42 11 93 96 42 44 74 49 45 75 75 59 16 11 3 29 42 74 36 5 79 46 54 96 73 69 92 64 24 46 82 83 46 49 42 26 5 68 3 84 37 94 76 37 30 39 43 27 9 86 99 65 17 28 50 89 29 34 39 55 12 29 78 64 80 5 8 74 83 71 73 32 62 96 62 10 57 45 0 75 40 44 66 21 90 63 95 65 79 26 12 11 63 72 96 45 41 3 43 73 36 80 89 14 17 11 71 75 97 97 23 42 25 22 44 26 78 3 85 32 86 21 82 40 28 15 77 17 39 83 46 80 37 41 43 30 25 74 20 53 78 53 91 40 92 10 68 6 20 23 7 31 60 64 2 37 23 84 37 50 28 20 14 
53 56 18 66 54 0 67 72 28 74 63 19 46 41 49 11 16 80 25 83 70 36 62 65 6 48 15 57 61 64 31 21 31 45 3 60 92 11 62 79 65 71 82 24 32 46 69 10 8 35 65 42 99 85 97 74 50 15 32 38 72 35 51 75 60 16 98 40 38 72 44 9 40 78 63 72 46 62 36 60 68 86 92 49 68 30 93 56 68 4 78 15 33 89 35 87 65 30 22 77 95 41 54 48 7 76 80 55 21 41 90 16 24 98 10 75 22 34 89 98 29 18 78 36 83 9 29 94 54 3 42 72 32 34 21 91 47 77 77 9 85 17 90 1 63 40 17 43 59 75 70 5 54 5 59 65 82 11 41 6 53 38 93 4 11 50 14 53 33 54 0 41 21 62 48 
28 49 13 3 97 57 52 19 77 87 93 36 62 87 88 80 37 84 3 51 72 69 71 33 47 58 8 93 6 85 23 87 78 82 38 67 45 14 78 0 59 29 19 54 5 26 19 32 0 70 36 11 1 32 86 5 28 13 55 63 71 56 71 85 93 68 23 74 38 15 18 64 79 22 49 44 5 25 6 56 35 50 9 80 93 10 33 44 60 77 96 75 17 26 69 65 19 38 62 58 59 16 55 54 85 88 97 28 56 55 33 95 68 66 93 87 61 75 42 25 97 65 67 71 87 37 73 89 96 37 40 2 54 58 34 91 48 5 79 93 13 8 47 92 27 46 27 42 80 88 8 63 43 90 0 84 65 86 44 80 46 17 79 61 21 95 19 54 77 25 93 84 76 69 0 
91 71 13 33 57 79 34 87 99 84 6 40 23 9 64 81 53 38 17 51 85 74 50 31 74 27 3 92 55 81 92 33 45 38 62 94 20 1 82 90 1 73 99 14 84 91 38 91 87 61 63 22 20 49 94 81 77 71 7 67 22 28 14 55 25 95 24 46 11 83 5 0 72 50 34 75 61 91 50 44 72 24 68 20 70 10 39 67 24 67 7 1 4 52 41 5 80 98 7 5 15 2 23 76 47 84 82 48 25 98 92 64 34 2 97 24 24 74 67 5 59 75 73 89 84 31 44 76 69 97 95 5 4 12 70 74 23 82 23 53 5 77 57 19 92 37 61 91 94 41 13 37 80 80 18 60 10 31 78 21 28 84 92 66 59 37 91 79 52 59 86 17 27 9 10 
85 15 52 52 15 82 99 1 64 34 88 17 40 28 85 37 1 61 26 97 21 74 8 78 43 58 62 65 21 64 45 21 63 36 94 73 15 9 35 21 87 16 93 88 38 97 52 25 71 26 13 54 65 59 28 16 82 92 76 9 70 60 98 5 85 26 52 6 34 23 0 52 78 24 40 96 67 73 98 5 88 79 17 8 7 20 32 4 86 68 16 37 32 21 84 45 3 55 52 30 52 4 89 83 92 81 52 3 38 27 81 27 26 21 4 59 12 98 18 46 96 31 30 0 56 46 22 83 73 26 31 81 38 72 82 80 1 9 84 88 99 16 29 1 17 5 46 8 38 1 3 33 23 4 13 67 47 17 11 83 34 52 57 90 57 79 3 30 80 68 27 22 91 24 11 
89 35 20 91 97 95 31 11 57 84 88 88 12 39 18 29 53 47 1 73 34 63 11 30 3 7 59 6 83 20 74 59 39 41 4 0 42 0 86 84 26 63 43 27 56 40 51 21 12 89 38 26 35 21 11 75 48 83 34 27 89 13 48 75 1 99 67 61 1 89 59 99 34 88 52 41 84 98 35 16 32 33 91 26 11 64 61 7 88 58 47 68 60 74 56 37 18 7 45 9 2 82 59 90 51 55 27 3 92 92 32 54 26 74 98 11 98 16 75 83 50 35 34 35 35 18 71 0 46 50 78 40 44 29 16 5 23 52 60 8 79 8 60 0 85 18 1 38 3 61 78 33 83 90 59 23 51 26 27 37 25 36 90 76 44 17 79 1 5 85 31 46 5 47 2 
65 91 77 62 40 5 55 26 58 90 62 31 98 71 55 23 47 83 84 56 26 43 27 9 92 46 11 16 78 62 97 10 46 66 51 25 63 84 7 30 15 47 69 20 56 75 7 15 17 19 13 7 31 57 29 25 75 95 63 56 44 98 20 36 74 66 97 34 50 61 55 40 79 43 65 11 57 60 46 98 55 23 65 57 20 53 36 42 77 97 66 91 7 73 30 4 14 72 1 80 70 46 4 51 9 21 5 50 60 23 60 65 12 11 67 4 40 8 71 80 23 96 96 80 85 85 57 13 8 35 61 1 45 39 76 98 90 61 16 75 53 3 95 60 84 89 91 3 66 82 0 61 27 77 27 46 62 3 84 93 38 29 72 55 47 65 43 9 85 68 29 35 40 72 86 
50 49 83 63 48 15 22 62 74 42 87 11 26 3 13 33 44 44 3 76 35 23 21 79 64 20 36 16 1 88 57 66 16 20 42 57 30 53 66 15 55 24 28 63 5 83 71 47 79 63 12 82 35 49 11 72 99 34 6 81 69 60 88 53 67 31 58 0 22 71 8 13 45 62 52 23 41 41 76 63 46 13 72 61 69 80 19 2 71 30 7 1 9 53 12 31 78 14 60 45 17 10 30 0 52 26 30 49 13 16 76 59 7 88 91 10 98 47 8 6 71 85 14 87 98 28 14 26 39 52 74 91 28 53 42 33 80 62 81 90 10 60 90 11 46 24 66 67 45 95 75 87 85 32 50 71 25 56 34 72 48 18 0 26 11 80 77 38 42 80 38 94 14 5 67 
10 42 19 21 50 52 99 91 35 40 7 6 26 62 14 18 67 87 8 55 91 22 98 88 58 74 57 54 69 92 83 15 8 56 8 69 5 75 45 64 92 25 44 11 81 86 34 28 76 36 77 19 10 64 92 37 33 43 37 76 20 1 68 92 52 38 88 72 12 22 36 72 96 86 89 35 31 89 8 18 43 32 48 39 56 97 10 65 28 66 13 13 74 93 58 39 21 69 15 69 2 27 29 74 5 63 97 55 95 56 57 57 36 70 51 25 53 52 68 49 37 56 19 62 14 18 67 62 3 53 44 42 29 37 45 23 75 62 99 31 64 94 83 90 26 95 11 44 18 38 12 22 27 33 0 86 47 15 97 23 15 23 69 86 16 81 0 12 31 19 55 42 98 70 90 
42 44 77 34 15 46 19 33 46 57 46 3 73 61 67 34 46 78 96 72 82 66 15 10 20 76 84 7 32 89 43 81 31 48 44 7 66 5 4 35 69 16 31 33 60 73 82 14 14 76 72 38 80 34 91 31 19 7 87 12 76 75 59 24 48 2 53 20 77 61 24 89 76 85 19 40 84 36 84 83 80 39 13 35 80 76 13 74 11 62 90 0 15 89 26 59 80 5 40 8 14 96 61 14 84 19 93 16 11 72 92 14 55 44 19 46 87 8 84 5 88 34 63 4 42 45 15 54 37 57 41 9 66 48 77 0 4 88 81 70 6 93 96 57 36 39 24 10 10 44 75 46 65 17 99 91 92 63 22 57 32 20 99 35 65 94 96 32 46 8 84 38 30 56 92 
5 30 74 71 38 14 11 87 86 97 20 64 49 62 65 77 66 1 86 48 93 69 50 16 71 42 96 21 73 86 45 63 13 21 4 19 80 47 57 29 45 78 10 77 14 83 20 96 14 84 97 52 26 5 32 1 72 82 69 70 87 42 25 95 98 98 26 31 3 14 89 90 26 32 7 23 78 31 0 50 53 68 8 65 19 9 44 54 58 70 65 43 25 63 28 40 61 13 31 63 8 68 82 21 89 48 29 93 67 62 81 62 53 56 87 86 26 2 29 24 23 54 43 87 45 15 77 96 48 12 89 38 64 64 75 5 13 63 60 80 91 64 0 38 12 42 73 32 47 70 37 84 47 90 72 31 75 69 98 44 4 17 0 30 65 69 54 4 71 77 88 0 91 84 44 
35 17 17 79 65 80 50 65 54 90 11 23 19 44 39 79 34 98 28 55 55 68 46 10 90 62 41 66 79 38 86 18 50 6 6 76 28 18 66 94 49 99 97 47 9 49 12 21 65 3 76 50 19 59 83 37 24 85 88 34 69 83 59 90 26 1 88 16 82 55 97 46 39 35 87 69 94 31 5 26 49 71 92 16 38 96 49 13 64 25 17 30 18 11 76 59 57 35 40 10 40 33 17 11 70 69 63 40 90 19 15 21 38 90 64 19 24 60 92 93 38 71 59 54 46 3 46 9 70 97 90 89 28 38 73 51 79 51 39 60 57 63 89 43 23 4 65 73 57 26 49 61 78 29 92 19 95 76 70 12 1 77 7 2 44 24 85 69 20 93 89 21 20 57 29 
44 28 60 24 42 37 63 44 94 6 28 25 32 43 76 28 69 81 26 99 42 60 22 65 55 61 13 54 81 39 30 26 80 32 75 33 24 1 5 24 62 80 58 85 55 37 56 12 59 23 92 37 89 3 3 5 57 10 54 26 93 26 75 19 35 38 52 50 91 90 54 75 1 16 8 6 1 80 31 79 22 85 33 95 27 89 76 14 13 37 86 65 74 46 94 62 66 93 25 70 0 75 17 49 5 70 58 99 99 32 83 50 6 3 83 39 98 55 63 40 76 48 50 93 9 84 14 55 6 23 44 41 74 95 61 31 25 74 35 68 10 69 86 22 81 54 38 69 20 22 16 75 99 51 37 0 37 89 42 49 37 41 51 85 17 87 14 43 12 31 85 41 90 84 63 
51 83 60 97 3 74 94 77 75 23 72 83 58 99 7 1 65 45 31 74 62 72 33 74 78 71 68 33 14 2 93 34 95 16 25 14 34 80 5 73 67 59 92 44 0 93 30 74 22 16 37 77 77 62 43 97 78 32 83 45 22 70 21 2 18 25 68 54 77 34 37 98 94 52 8 74 92 49 40 7 86 4 62 18 52 82 33 80 74 83 82 88 18 22 65 38 35 39 13 47 15 21 73 52 1 2 82 28 7 88 81 1 17 86 26 91 72 40 52 30 41 27 60 42 87 30 64 86 19 82 13 35 28 66 77 16 92 11 64 50 45 65 41 20 67 2 91 70 82 51 26 81 28 38 65 51 71 80 97 7 89 88 6 31 6 95 76 84 82 30 28 23 6 11 88 
50 7 82 47 2 38 48 54 58 55 34 66 22 18 6 5 37 55 20 46 62 32 23 33 24 61 29 14 2 77 34 78 8 26 74 10 78 5 84 22 95 40 40 29 83 55 81 64 29 6 55 69 88 6 34 2 50 89 2 49 54 3 21 50 83 59 85 47 64 34 95 27 8 64 6 33 1 41 56 11 17 99 7 93 19 1 69 8 31 85 91 32 59 56 2 55 47 77 39 77 38 48 6 10 26 93 47 29 90 25 89 40 41 84 9 72 50 70 11 7 96 19 75 42 7 58 21 21 8 38 51 52 50 99 61 86 92 96 59 92 98 34 16 73 30 6 57 81 15 92 3 54 70 81 83 95 62 57 71 87 93 4 95 65 6 54 31 98 55 74 77 71 94 55 81 
86 17 83 76 84 92 22 61 72 5 88 50 69 89 67 13 80 46 34 3 32 44 50 46 29 28 39 77 77 26 26 16 48 89 84 53 73 3 99 2 12 71 88 93 81 21 92 74 46 10 24 10 83 0 13 54 6 13 6 3 3 90 96 68 99 78 25 93 40 81 17 0 53 50 50 14 81 90 83 3 19 97 27 51 49 27 49 94 80 19 56 44 13 51 49 46 75 30 10 52 22 28 28 90 64 57 23 11 96 20 11 50 23 23 19 77 22 78 36 85 63 49 0 65 56 60 87 3 46 16 16 30 86 46 86 55 25 73 78 32 91 82 63 99 91 88 44 26 71 46 33 80 97 95 53 43 68 10 2 99 91 4 65 68 53 98 4 19 12 71 44 77 63 53 97 
49 68 13 30 11 74 46 6 4 33 15 13 39 69 7 8 23 33 92 54 55 26 19 54 81 45 44 88 80 72 13 12 38 18 6 2 39 85 24 86 13 66 34 64 84 81 89 28 86 31 56 91 91 60 89 10 32 8 83 48 31 92 98 78 92 71 88 56 33 41 38 25 85 11 80 99 17 43 93 24 27 66 89 65 30 25 86 79 33 98 28 18 58 46 2 47 51 46 44 16 98 14 36 68 19 3 95 76 59 91 78 52 38 88 84 3 89 34 41 17 86 78 95 71 12 69 31 97 84 99 11 48 68 67 87 48 15 74 22 49 24 90 98 29 6 50 79 10 49 89 30 24 93 14 47 91 71 14 28 32 34 26 69 62 23 79 88 98 24 90 6 27 91 39 60 
55 64 12 17 91 53 91 31 94 92 29 12 53 93 72 49 56 59 68 13 72 84 93 95 63 65 22 68 46 77 1 74 42 54 88 87 70 68 79 91 95 28 51 44 22 31 96 61 70 72 25 39 25 69 63 70 36 92 91 12 95 25 16 23 51 67 0 99 73 62 44 99 56 67 98 82 79 74 76 48 5 57 79 51 75 51 42 14 21 87 1 38 15 23 46 31 40 27 61 13 77 24 63 29 46 30 20 98 68 55 41 11 43 80 14 93 75 3 15 88 18 25 14 60 92 79 48 44 62 15 33 82 55 6 33 76 40 81 70 99 22 30 98 83 97 33 93 23 3 55 91 36 73 31 92 10 72 68 78 92 35 46 90 54 33 84 84 73 60 83 13 56 87 44 2 
44 57 33 36 86 0 21 1 87 4 52 79 10 64 77 1 87 87 10 9 16 69 70 76 35 64 24 52 39 94 78 33 59 8 8 47 13 4 44 62 16 87 49 5 81 35 58 68 42 91 31 51 75 71 96 28 57 7 24 66 63 4 40 65 15 81 10 54 88 24 60 64 84 16 19 56 19 60 54 22 56 30 5 46 11 63 38 2 55 75 69 74 48 81 74 65 74 40 98 79 94 33 42 11 11 0 4 99 22 62 19 27 71 85 31 97 53 40 26 25 14 14 49 98 8 18 67 69 32 76 7 47 21 1 90 37 47 4 11 1 67 12 84 51 48 42 28 26 87 55 7 41 45 43 6 84 48 57 30 64 99 33 12 94 79 49 46 2 46 50 26 10 10 62 91 
77 83 46 53 58 58 72 45 74 32 97 95 61 51 98 17 9 54 67 64 23 70 66 6 55 32 65 34 72 18 80 56 95 4 8 89 80 15 30 65 1 99 56 87 26 41 4 48 67 10 51 32 95 82 98 96 9 16 47 66 36 66 39 10 29 38 4 98 55 5 83 34 12 87 67 68 72 91 62 17 73 55 68 67 52 27 26 52 36 66 45 72 84 94 71 58 88 85 84 25 10 94 38 66 70 4 44 75 96 41 51 33 77 43 85 94 66 37 8 62 19 85 32 6 16 3 19 90 27 21 73 78 93 31 97 47 84 30 51 32 22 95 44 6 82 9 12 64 17 95 49 42 61 82 0 46 44 33 42 15 13 21 9 14 21 54 65 80 32 96 18 84 33 3 86 
48 50 42 47 10 79 18 91 73 28 83 74 35 77 75 97 1 47 89 42 82 28 15 83 3 49 58 19 69 95 43 14 66 66 21 32 16 16 52 48 14 39 34 43 95 32 65 5 99 45 64 84 60 73 25 76 77 95 33 39 3 77 17 79 95 21 97 90 52 38 8 41 90 72 89 86 56 43 98 20 60 27 4 81 63 66 54 56 51 59 55 11 91 98 27 67 19 76 86 46 65 31 48 90 42 6 86 70 33 70 81 27 24 68 18 44 69 52 3 93 55 26 15 31 40 71 53 46 97 0 11 4 18 43 38 8 94 46 63 9 30 59 49 27 97 2 79 7 35 77 46 6 9 98 14 14 41 48 78 89 55 55 66 29 7 46 0 62 9 88 38 49 74 56 44 
53 78 24 83 27 39 62 39 91 91 26 16 65 43 94 15 76 65 21 42 7 56 91 55 33 29 20 85 73 59 63 60 13 7 11 86 37 61 53 19 31 6 73 85 28 68 64 95 84 24 30 62 48 75 59 35 95 16 52 10 15 56 9 86 81 15 63 32 51 48 87 35 13 94 78 44 85 38 27 22 43 71 9 49 26 47 56 53 20 61 38 75 13 37 9 46 99 77 97 65 85 55 69 70 51 43 80 73 43 52 13 75 13 94 59 80 50 40 60 59 43 95 50 58 41 77 7 4 56 2 6 79 92 67 2 4 63 49 62 93 15 52 23 7 78 8 89 91 48 65 34 37 43 32 64 7 25 62 47 66 35 91 26 81 64 63 9 13 72 20 66 75 70 56 75 
90 13 41 95 44 39 46 24 69 54 76 0 38 62 88 12 1 21 6 15 78 50 37 99 22 22 16 53 64 86 80 18 60 70 77 74 59 2 9 57 3 82 33 2 40 18 11 94 20 47 59 80 49 47 61 57 29 29 31 21 71 36 19 19 51 36 68 61 33 59 24 41 98 8 7 11 20 32 35 24 69 96 93 90 36 61 50 67 56 42 52 1 21 31 55 69 43 50 29 0 17 51 19 16 10 43 77 95 79 24 1 23 19 67 41 42 92 86 32 79 82 44 29 19 91 14 90 60 20 87 90 25 93 22 50 34 23 84 7 33 87 21 34 51 88 8 1 2 15 5 28 43 26 92 99 87 44 34 72 26 64 17 63 19 41 4 99 0 89 7 70 16 42 36 14 
65 33 85 41 84 27 31 6 68 54 41 20 31 81 4 46 99 78 3 40 63 7 43 78 83 32 81 62 15 61 38 67 84 64 4 57 7 37 71 59 78 54 29 6 21 2 99 70 41 56 0 36 66 53 35 20 65 42 65 9 88 79 20 79 82 42 47 26 61 88 89 13 98 52 84 86 3 12 94 73 38 14 72 78 90 45 68 77 38 56 88 31 63 26 88 53 1 22 17 16 33 77 85 50 26 99 36 55 9 4 84 19 19 73 97 92 36 60 37 69 97 1 8 25 13 40 97 88 0 53 43 99 66 24 15 85 47 92 46 39 65 91 67 26 31 93 35 59 56 4 13 39 22 25 47 67 95 65 61 72 15 56 98 52 89 81 51 5 77 34 49 57 60 7 1 
17 97 4 43 9 23 12 45 25 95 72 12 63 7 61 56 34 30 17 6 39 71 49 31 67 48 0 48 73 7 60 63 0 93 47 28 14 11 75 22 89 49 72 81 45 27 56 99 36 23 47 32 65 14 53 38 47 84 9 85 97 40 88 59 80 34 63 11 15 96 67 51 39 89 86 29 69 46 87 6 84 88 4 73 76 54 22 82 31 35 79 14 23 29 6 5 93 74 87 91 44 85 86 14 0 38 74 82 89 24 3 11 58 16 15 78 80 81 27 26 39 83 96 26 71 32 45 69 99 4 22 54 51 61 51 84 27 39 55 41 81 23 46 82 22 37 67 54 37 43 63 94 84 29 69 64 31 37 6 3 53 76 94 25 34 23 45 36 87 92 38 25 13 71 52 
75 38 52 61 17 9 80 36 89 73 70 69 30 96 27 71 34 65 37 14 33 26 98 5 13 46 40 85 88 73 0 75 35 74 6 1 23 54 12 81 9 71 38 89 37 27 34 14 20 55 43 79 95 75 29 5 75 64 29 32 2 37 16 40 84 82 94 3 40 31 88 5 18 32 92 19 47 15 21 85 45 58 4 14 38 50 82 75 47 45 76 81 82 63 58 25 19 1 9 16 18 28 0 21 66 29 55 10 58 50 63 80 32 15 35 62 28 94 87 0 80 80 90 20 18 72 38 1 89 17 12 80 86 54 38 58 40 3 75 32 43 70 37 96 66 23 14 60 38 40 37 41 27 41 81 25 92 69 79 16 18 83 14 97 31 32 17 58 97 13 92 70 35 14 62 
77 61 5 79 56 82 85 45 6 2 44 48 94 46 80 16 21 81 39 63 40 10 70 4 35 8 90 68 50 53 32 18 1 31 6 73 28 23 25 50 54 12 99 32 28 24 42 86 59 17 94 37 44 48 49 71 52 88 26 94 10 75 37 49 34 14 56 73 47 69 40 32 97 63 11 15 31 3 52 41 92 79 14 84 64 4 24 73 82 29 8 62 60 87 99 9 16 20 90 76 54 51 2 90 34 20 73 73 88 56 9 92 41 95 10 27 38 97 56 18 18 58 90 71 67 18 67 51 60 88 89 88 45 45 34 17 35 52 17 72 68 91 13 66 93 8 24 18 70 23 79 16 74 51 52 19 32 7 38 19 13 42 96 43 33 13 62 54 53 57 81 73 1 84 57 
67 35 46 4 60 37 10 83 9 9 60 39 72 96 60 41 96 9 25 44 8 89 67 27 33 96 2 93 66 45 25 13 25 62 49 46 86 86 44 12 67 50 56 7 32 38 26 0 57 81 53 21 75 53 62 91 4 31 39 17 65 25 48 7 56 93 14 8 30 14 65 97 92 80 49 10 69 83 99 36 31 54 90 25 88 16 49 26 45 94 42 0 63 59 88 89 59 25 52 9 54 43 5 47 42 22 57 57 63 72 15 63 25 2 14 4 78 94 30 15 84 58 90 39 44 38 10 71 2 57 72 72 68 27 52 3 40 74 91 59 75 38 80 37 95 31 83 84 8 89 84 67 54 80 77 59 11 52 75 58 34 95 4 57 95 49 77 92 28 61 68 44 63 48 23 
95 50 37 40 38 30 28 2 87 30 75 52 8 88 55 59 45 96 10 72 57 3 23 93 71 56 4 79 53 31 36 90 20 60 8 98 12 9 90 24 83 47 77 56 40 71 57 95 92 50 2 3 9 54 59 44 8 27 69 85 31 2 28 28 38 38 17 98 59 11 33 59 46 83 46 31 36 20 82 7 17 11 83 66 84 73 36 96 54 51 25 90 4 89 58 91 89 73 86 15 55 88 73 63 98 67 32 24 39 44 51 87 58 86 51 70 51 51 46 75 82 33 47 43 35 25 56 48 61 70 28 89 66 20 74 15 97 98 74 92 17 37 75 37 0 89 62 24 40 63 97 7 59 36 20 8 99 79 35 21 62 95 75 45 36 11 98 64 98 81 92 25 36 83 65 
84 73 19 1 30 22 46 65 39 88 90 76 43 11 9 79 84 7 55 83 62 30 64 15 51 44 59 83 98 32 94 19 61 23 55 19 97 58 61 63 25 21 59 86 53 37 16 8 14 19 3 75 63 39 1 11 77 87 28 50 84 1 28 83 57 14 5 54 62 44 98 41 0 35 37 67 62 72 21 74 29 82 44 54 89 93 28 12 59 51 66 27 43 91 69 62 44 88 58 97 37 76 38 56 13 40 60 35 86 75 62 13 24 7 17 9 1 30 23 84 65 91 99 18 6 63 81 73 44 58 97 48 95 24 51 81 32 37 23 78 53 9 32 53 58 10 82 34 6 20 31 44 98 53 95 89 33 71 93 62 68 0 73 55 99 30 50 0 35 45 40 40 87 14 9 
6 74 93 64 34 41 10 70 5 48 95 7 84 42 53 14 88 27 53 29 11 86 35 46 38 25 67 66 44 36 27 68 61 79 51 39 14 27 1 44 10 20 36 1 35 97 35 89 51 6 54 74 67 94 68 40 76 82 75 19 2 18 38 34 62 88 67 30 18 59 82 52 48 28 75 77 9 32 3 67 79 84 28 17 20 63 82 89 14 12 16 44 7 96 60 57 0 73 46 83 59 98 86 28 93 49 44 18 40 31 49 84 23 49 68 91 5 40 49 63 39 17 70 52 26 89 84 48 76 21 1 3 27 43 77 31 5 99 57 74 55 1 96 80 27 47 72 53 30 7 53 64 69 93 66 80 27 13 96 22 60 33 83 79 30 4 12 59 42 35 48 68 87 40 80 
55 35 21 41 91 69 8 86 52 67 63 54 1 28 75 94 15 69 84 25 61 82 30 73 47 17 45 86 38 26 56 75 42 59 60 39 33 90 85 62 30 25 22 35 98 92 7 47 61 11 43 46 27 29 77 34 61 84 22 81 2 65 18 5 81 99 19 58 19 28 86 87 10 27 75 14 85 88 44 91 1 12 32 59 57 63 73 85 78 6 27 30 48 18 67 87 37 56 77 57 25 79 4 32 90 54 60 18 0 45 99 97 12 45 56 86 38 42 42 67 32 1 40 48 72 74 49 46 40 28 75 93 18 72 74 28 22 90 61 86 56 15 30 65 7 52 17 32 18 2 90 52 99 58 96 26 86 13 61 31 64 63 31 12 98 55 76 57 5 62 18 34 97 33 89 
92 15 90 71 60 45 82 7 9 54 51 16 74 14 76 97 25 27 73 53 10 32 55 4 35 23 35 31 2 73 99 94 85 6 12 86 36 87 7 0 32 28 45 48 14 40 90 36 72 94 77 89 61 98 13 30 83 75 64 79 30 98 2 43 65 54 54 20 50 93 30 43 75 17 89 54 89 69 78 62 31 85 64 89 86 92 12 64 22 16 59 96 17 91 46 86 30 69 17 7 38 87 31 93 1 42 33 73 93 49 58 97 81 76 44 59 44 49 11 68 44 29 33 57 31 22 45 94 89 7 97 65 36 12 82 79 38 14 22 95 21 94 64 68 86 15 84 22 23 59 22 77 55 87 98 42 10 56 3 44 27 38 35 25 84 79 16 74 58 74 90 65 56 91 37 
56 1 74 93 81 13 64 86 17 98 70 62 98 81 29 96 50 12 64 87 74 40 76 66 33 94 79 92 22 58 12 38 41 12 11 66 78 92 51 90 27 30 50 37 53 62 54 70 37 41 6 63 21 99 62 69 87 25 56 56 50 31 85 12 44 41 31 7 67 93 86 97 61 43 35 20 26 41 36 33 46 9 75 41 51 94 89 5 24 16 6 50 0 40 4 95 43 25 49 83 47 2 92 70 78 43 14 45 50 2 42 28 23 73 2 74 62 78 33 69 48 56 1 1 84 69 14 46 0 9 75 66 33 24 77 43 5 2 86 91 40 4 62 71 45 59 50 6 31 92 92 21 39 94 59 72 48 8 81 47 35 92 2 9 83 13 88 40 83 99 44 96 1 14 17 
44 66 74 61 52 26 18 79 25 28 74 59 64 41 7 67 63 6 44 24 48 94 90 63 78 66 55 88 11 74 32 39 25 28 27 8 15 35 58 4 68 51 48 33 24 77 35 65 11 84 10 40 78 23 18 33 51 39 38 8 52 20 83 31 37 41 67 33 11 84 98 79 96 74 41 70 13 62 41 28 55 35 59 57 41 88 28 60 21 13 79 24 15 4 3 94 9 99 8 90 55 18 65 95 38 97 62 66 84 40 7 59 80 43 55 75 95 51 16 59 45 75 20 16 29 22 30 87 69 86 91 62 18 0 44 57 50 89 71 32 14 26 59 65 96 14 28 61 89 4 38 11 49 12 67 74 7 91 97 22 19 67 7 15 95 53 51 62 18 92 55 79 48 79 37 
15 0 64 81 34 10 3 93 21 45 61 66 27 14 66 0 82 2 94 88 55 20 74 97 12 82 36 18 25 73 7 46 99 3 91 19 62 31 46 7 96 63 46 55 16 4 12 99 0 50 94 48 78 58 6 51 28 55 83 26 45 58 57 60 31 66 54 91 36 36 85 32 40 81 26 48 86 66 25 80 49 86 65 86 2 26 31 71 85 27 69 23 22 2 20 74 85 17 88 64 77 61 75 43 68 4 36 65 63 77 12 75 7 16 81 8 56 45 15 34 97 41 93 15 63 81 68 8 92 18 34 50 70 14 5 43 70 53 74 25 84 76 11 92 49 62 56 44 86 25 41 14 86 53 57 62 62 30 82 56 5 63 9 10 31 81 90 0 49 0 48 79 61 78 13 
22 10 96 94 50 36 20 97 47 37 91 48 40 39 39 37 18 74 36 80 57 77 33 44 53 75 32 99 54 85 31 38 96 21 79 52 49 54 82 47 75 45 63 47 93 33 77 9 11 56 62 79 33 33 41 94 44 50 55 75 23 15 50 43 50 29 51 45 81 52 25 27 20 33 96 28 33 34 59 35 75 57 60 65 58 86 11 38 28 31 1 27 17 99 88 29 94 29 20 17 50 24 43 64 65 11 45 46 52 67 31 7 12 70 29 10 1 80 78 72 83 83 91 84 80 54 59 63 73 22 72 24 41 21 12 71 60 77 22 59 93 1 4 5 56 74 19 61 11 50 34 31 63 83 42 77 4 81 17 37 31 46 5 13 31 27 52 1 82 64 69 74 6 83 45 
92 68 0 56 99 14 6 33 19 5 6 14 65 58 75 88 61 71 19 3 99 27 55 33 45 80 85 4 49 47 41 51 89 86 73 55 62 10 65 54 5 3 76 85 65 22 48 82 79 98 94 56 79 32 49 84 93 90 94 96 2 7 70 43 58 83 47 42 91 99 94 88 6 94 3 27 43 97 84 57 2 96 94 23 42 39 35 19 49 38 43 5 22 26 44 13 18 30 32 45 14 99 36 91 74 98 97 54 59 79 28 12 23 29 12 72 63 27 25 28 50 6 85 27 18 37 61 67 24 10 52 11 65 40 10 42 76 6 98 4 2 29 46 98 93 62 40 64 82 94 8 14 86 49 13 66 87 50 83 89 75 83 19 12 6 74 58 10 32 53 62 17 57 91 67 
21 92 0 43 65 58 41 31 17 58 78 33 1 30 3 48 8 50 28 80 63 45 43 23 67 16 15 78 76 23 92 65 27 67 77 5 17 70 71 49 90 80 38 63 78 70 22 87 93 40 52 73 25 80 74 92 27 25 91 73 27 6 34 89 69 36 45 16 63 55 98 72 49 69 14 78 66 79 11 81 58 18 30 95 7 84 78 7 92 11 91 11 20 20 69 90 51 34 47 14 71 50 19 72 11 33 95 0 11 25 51 92 85 55 74 75 51 14 43 92 25 26 10 48 63 78 18 22 32 74 82 2 34 61 23 68 18 86 41 30 10 70 4 37 58 50 90 0 73 83 54 37 44 3 82 54 28 83 67 47 12 63 76 82 80 35 26 98 87 9 20 89 93 24 24 
84 90 19 30 14 37 22 42 2 32 61 71 16 92 73 11 42 46 31 54 42 78 14 38 71 6 22 63 23 88 91 92 68 49 28 25 48 98 22 4 27 15 22 80 22 86 49 66 60 72 29 55 68 67 63 47 29 36 76 50 68 50 40 6 18 35 49 7 50 57 48 62 94 47 78 54 48 81 38 9 67 17 38 66 84 60 99 45 64 32 97 32 38 37 70 51 81 13 19 72 27 63 54 65 19 10 15 6 59 71 92 19 24 30 20 19 61 85 12 9 75 2 5 26 98 1 1 18 2 17 89 66 29 65 16 30 97 14 78 11 46 77 36 64 70 18 67 35 27 10 87 19 68 24 94 53 57 56 5 50 14 85 47 23 61 46 29 25 83 0 1 76 2 49 80 
71 88 84 80 51 68 86 0 8 16 30 34 1 63 56 0 11 31 77 11 19 0 7 35 12 56 62 13 98 44 38 30 91 51 95 52 3 9 39 95 3 32 42 43 19 51 9 43 39 82 65 11 64 23 15 98 21 48 29 79 34 22 7 92 30 26 19 59 10 32 86 28 41 35 75 66 11 69 97 59 1 37 52 12 57 79 8 48 7 95 9 53 70 90 65 47 11 63 93 57 30 44 24 46 81 22 99 86 30 5 54 90 67 43 6 16 16 23 52 21 18 31 73 63 91 66 47 82 70 22 78 75 20 6 67 45 98 15 41 55 58 60 14 10 64 73 40 23 30 39 97 89 11 52 38 7 46 56 21 34 9 45 96 14 92 44 43 86 92 85 76 2 19 73 56 
41 81 3 9 92 59 72 84 6 36 23 25 97 37 65 14 96 92 17 26 95 88 3 91 10 61 36 56 71 66 33 58 56 32 53 20 10 68 81 8 80 91 79 5 22 31 28 46 71 52 53 77 89 8 30 91 51 35 29 43 1 64 16 77 5 57 51 69 69 74 85 11 88 82 90 62 34 93 24 10 56 13 3 94 37 60 76 83 82 57 80 79 85 37 31 74 99 68 91 25 98 9 36 90 52 88 54 70 28 37 11 51 8 42 9 38 33 30 40 44 32 19 10 64 38 70 75 87 47 70 16 27 73 22 93 13 80 51 56 23 24 12 61 28 9 89 88 99 91 37 75 83 76 97 41 21 32 8 5 64 39 52 8 22 55 81 59 52 9 73 83 64 64 1 59 
95 53 41 80 95 21 30 38 69 80 97 16 5 0 75 3 40 59 2 81 57 21 44 70 38 69 23 73 50 51 60 76 15 0 3 63 0 33 2 48 63 92 54 71 0 65 18 9 32 74 28 38 53 41 5 72 18 18 58 29 6 91 10 89 5 22 41 86 37 3 92 70 86 93 61 75 1 11 98 41 71 15 12 61 43 89 43 74 61 69 12 63 79 1 44 61 73 22 88 26 94 3 41 5 71 44 6 61 69 36 97 95 64 28 46 62 31 74 93 46 28 33 54 38 66 64 36 64 27 52 77 49 25 80 96 51 0 17 77 86 48 63 63 92 11 24 41 15 41 16 8 16 25 86 36 99 82 80 32 84 35 80 14 30 20 37 21 40 95 32 76 3 67 33 2 
75 83 14 2 44 0 89 17 97 27 67 82 46 58 1 35 62 9 57 22 98 46 93 88 2 70 77 62 85 35 20 12 8 21 0 5 10 39 47 87 43 1 24 47 62 20 59 50 45 93 17 80 75 59 51 49 68 43 10 75 44 11 41 99 83 69 40 28 13 44 57 76 84 7 4 46 92 20 26 93 7 95 5 89 71 96 29 42 8 8 96 8 93 96 71 63 46 97 6 42 37 23 85 63 94 11 13 27 3 10 0 49 98 52 15 59 84 5 72 17 15 65 70 44 50 88 11 64 46 82 92 34 98 61 60 91 77 57 25 9 5 25 65 72 42 95 0 74 82 3 37 52 96 7 41 4 49 28 95 29 91 63 41 77 47 49 55 24 31 11 64 29 23 89 99 
4 70 13 16 5 20 77 98 35 21 85 28 46 43 12 14 3 41 24 75 86 14 32 69 75 54 22 45 88 24 84 39 13 75 71 29 33 76 82 98 73 99 11 27 71 45 29 14 88 88 22 56 79 4 6 33 58 19 31 88 85 33 23 86 81 41 25 92 46 16 94 58 5 14 27 23 41 37 68 87 5 79 32 31 86 45 90 51 99 80 36 37 38 55 26 78 40 69 15 46 27 28 48 54 35 3 98 71 83 90 11 76 91 69 53 39 95 82 27 96 81 36 0 26 66 44 82 86 25 86 97 21 30 26 35 28 44 32 60 39 14 97 68 95 36 24 19 75 10 16 50 33 16 88 66 20 2 22 92 19 79 74 4 38 82 78 66 90 52 39 2 32 97 29 79 
7 3 41 85 20 28 0 37 14 12 65 80 29 50 46 34 23 96 67 55 43 4 15 96 34 37 26 92 32 41 8 22 83 79 60 65 87 99 8 89 99 8 29 94 73 9 67 11 0 97 42 72 69 98 56 72 84 78 5 69 70 81 2 81 30 60 35 39 96 9 58 24 73 53 42 76 82 20 45 60 22 26 8 42 84 23 66 0 70 4 11 9 60 5 7 97 92 41 57 30 34 20 87 4 83 44 46 61 19 44 46 11 45 92 94 40 58 8 2 43 52 45 93 47 37 47 87 99 1 85 44 51 42 59 17 77 40 1 85 23 68 60 70 32 79 98 50 94 24 64 18 85 99 1 74 4 37 93 25 98 3 25 70 23 50 1 80 59 28 5 90 85 77 26 8 
66 50 64 69 96 49 65 98 37 5 28 67 97 44 22 86 23 41 17 17 79 74 18 67 48 64 27 13 76 13 57 31 79 22 95 24 96 65 25 86 14 46 40 19 97 29 34 65 49 73 35 42 71 44 21 43 12 29 10 18 81 96 30 52 71 47 62 84 14 26 78 18 68 56 83 71 14 64 27 69 61 72 92 4 39 72 92 46 80 47 50 26 4 66 67 57 32 25 38 87 91 54 37 38 93 41 35 91 32 40 38 5 80 76 60 99 34 13 26 52 19 48 63 67 94 1 96 21 91 33 34 45 86 44 3 26 46 80 19 47 64 39 19 12 40 27 91 52 46 98 31 14 70 87 75 44 78 39 87 8 57 46 12 3 14 66 37 3 73 25 76 20 61 87 65 
45 53 82 67 50 96 28 43 12 81 27 79 16 47 37 53 27 97 5 55 63 46 0 48 59 65 50 91 25 95 6 65 69 62 62 85 64 42 23 98 85 46 71 64 54 60 29 6 61 70 97 45 36 55 86 44 91 43 46 63 65 54 63 58 14 25 93 43 59 8 25 96 13 77 46 47 85 74 1 55 92 30 94 83 80 35 97 25 27 97 18 77 78 83 86 79 96 68 27 41 57 3 16 69 1 30 1 63 68 71 17 86 16 70 3 79 58 40 55 31 2 74 20 51 37 41 30 6 97 92 47 66 2 67 9 90 1 94 72 59 64 58 24 1 25 40 96 82 91 78 45 28 13 23 83 1 84 73 53 5 45 83 47 96 3 73 22 45 53 22 93 18 30 72 7 
91 6 55 61 10 3 93 16 38 52 92 43 32 78 27 40 56 7 94 23 72 45 38 68 41 57 17 5 51 15 31 52 57 13 86 16 45 77 71 72 66 11 94 11 95 29 46 30 63 28 26 60 34 5 17 22 83 97 61 96 89 3 81 62 15 57 40 28 41 74 16 57 38 37 89 91 32 14 43 62 39 57 53 45 70 44 91 66 97 13 54 79 63 17 11 91 19 82 71 69 23 56 56 48 42 68 0 35 58 63 14 76 86 96 6 64 94 14 35 74 37 32 34 95 45 47 46 6 9 33 4 26 98 20 79 21 82 4 37 88 22 36 8 90 2 88 25 19 5 52 69 24 42 94 36 97 55 97 73 38 58 59 86 65 13 15 32 93 56 23 40 39 10 47 80 
45 87 15 47 25 62 70 38 66 35 17 80 27 83 66 34 22 40 21 23 40 62 61 90 77 52 7 8 69 69 38 56 52 6 80 64 24 17 17 80 18 64 28 19 5 30 18 59 94 32 58 79 92 22 98 35 84 81 16 81 9 23 82 68 89 67 22 54 84 37 24 62 36 51 52 6 19 67 69 28 98 20 11 38 54 22 12 1 91 66 74 37 20 63 5 16 24 63 66 12 74 78 96 80 28 70 98 11 95 26 86 60 31 10 68 14 21 92 31 16 39 15 67 73 10 60 9 31 88 76 29 4 83 22 90 29 29 43 12 46 48 94 22 23 67 7 55 66 1 68 30 11 37 76 6 15 84 68 69 16 78 41 78 86 77 88 30 94 13 96 34 77 20 69 54 
91 91 1 32 59 32 45 56 3 34 20 83 21 50 72 13 43 39 26 89 41 28 93 33 13 43 12 62 79 91 59 67 59 31 31 4 3 35 82 38 13 80 71 97 63 29 29 99 72 95 83 82 9 61 85 80 7 51 59 20 41 60 3 15 3 73 0 17 27 68 78 75 79 72 56 21 86 54 23 55 26 77 81 60 44 77 95 87 43 76 97 33 62 45 87 1 7 65 62 76 48 30 5 60 19 69 27 38 65 96 97 15 99 10 75 46 23 94 61 94 89 52 83 11 82 73 77 98 54 70 3 89 89 26 9 93 10 72 84 31 23 74 69 14 4 30 5 73 13 13 50 63 16 56 67 64 85 64 6 50 10 17 69 3 31 26 95 79 64 19 57 52 45 97 85 
82 32 8 45 40 15 94 74 26 19 30 78 93 74 70 65 96 2 90 91 53 30 6 0 69 48 75 90 63 76 77 69 78 43 54 13 53 60 29 4 45 33 52 0 74 92 38 59 21 85 56 13 58 0 76 41 10 25 29 12 49 86 26 96 13 22 14 98 50 6 15 3 90 39 72 80 71 47 34 19 19 63 1 40 76 3 71 0 74 13 93 64 51 47 21 54 43 99 68 45 64 42 78 16 13 90 47 55 27 37 37 4 59 4 99 39 88 33 68 61 77 66 61 5 72 32 73 45 75 20 2 14 79 42 69 79 79 24 97 91 11 25 30 90 39 37 57 44 96 46 48 28 7 68 85 69 63 11 63 12 50 60 21 26 46 71 90 69 9 60 1 28 99 44 12 
20 89 52 58 36 44 17 64 36 58 50 63 78 6 25 94 86 26 24 33 76 2 43 77 77 73 9 76 83 62 17 13 90 4 45 11 55 18 23 93 32 77 3 73 11 72 9 22 83 20 57 87 8 86 75 78 38 78 44 94 39 25 7 58 27 3 72 38 95 35 85 40 88 64 87 97 75 47 52 78 0 14 15 22 34 46 20 40 61 40 39 36 44 58 17 55 10 41 21 30 40 0 95 40 47 99 8 24 3 35 41 66 57 83 12 59 54 57 16 71 95 20 1 19 13 80 99 76 51 22 92 10 38 42 17 61 5 36 11 26 55 49 31 13 77 16 80 28 44 89 31 39 78 75 4 4 42 94 84 79 70 31 85 9 30 85 66 89 65 93 66 1 81 75 43 
21 86 25 82 2 20 63 93 82 33 10 17 33 2 6 7 58 53 5 92 25 77 17 28 33 13 87 42 76 49 91 58 71 14 9 17 72 22 11 83 11 39 42 13 24 16 35 31 67 95 19 0 1 29 62 28 12 61 86 88 88 3 76 60 30 93 88 5 75 75 76 0 79 91 60 98 8 67 21 18 70 54 1 91 17 74 92 96 53 15 47 1 73 77 75 33 30 75 0 53 68 51 44 52 93 34 8 65 71 30 72 48 25 16 34 17 99 25 40 6 5 98 97 49 82 42 71 48 84 36 76 56 18 55 67 3 35 99 6 39 74 28 78 85 39 23 89 46 67 76 40 74 49 40 0 4 18 83 83 35 51 62 17 65 90 38 4 31 51 31 92 67 38 98 94 
25 11 59 32 41 28 57 78 58 37 65 40 85 71 66 86 3 60 41 5 59 27 24 18 18 80 68 62 99 94 14 0 52 85 48 41 46 75 64 28 49 67 39 32 15 29 50 87 80 36 91 23 95 3 24 36 39 33 40 89 95 11 48 80 34 95 29 13 16 20 31 24 63 96 64 70 99 56 86 22 72 35 88 4 52 25 33 17 81 17 93 28 38 9 87 4 95 42 38 98 6 2 47 27 7 49 26 81 33 59 25 93 17 92 92 29 17 81 58 98 85 81 84 25 11 78 16 93 50 25 75 47 21 2 68 6 9 68 1 20 22 21 28 69 65 44 68 18 1 70 40 83 39 73 72 93 14 36 12 68 23 7 6 53 85 97 47 87 53 28 93 93 20 52 36 
9 35 76 87 45 72 29 18 31 13 25 18 88 63 53 1 55 25 92 8 78 58 53 97 82 92 16 37 1 87 13 90 33 7 0 11 39 65 16 62 72 22 69 48 56 45 79 85 60 66 1 74 87 43 80 24 31 96 79 94 8 78 31 4 77 49 90 78 11 10 98 2 35 47 44 68 95 27 90 80 77 12 13 16 98 32 18 65 31 78 78 21 6 18 72 89 8 69 91 42 89 12 69 58 19 22 55 73 83 81 13 57 4 90 98 81 71 6 76 14 9 57 31 77 40 98 20 89 64 33 19 89 52 92 66 46 45 71 66 18 47 85 3 67 3 49 23 49 42 19 12 99 69 84 59 26 70 94 60 42 21 60 79 76 30 61 93 30 68 17 74 3 33 51 24 
62 93 31 56 47 92 81 58 92 1 91 7 70 87 4 26 88 43 55 84 15 42 19 82 76 75 60 45 66 21 7 61 63 7 87 13 7 16 71 8 32 13 39 56 42 14 43 34 56 18 71 64 46 74 8 54 38 95 41 84 2 51 4 36 62 72 98 58 38 52 17 12 96 76 58 12 98 58 72 87 15 63 90 66 64 90 80 36 1 7 10 72 54 48 20 67 12 81 77 14 99 58 13 9 24 73 49 96 71 43 45 45 98 50 81 10 18 5 23 73 0 36 69 51 92 4 0 62 95 40 66 25 20 66 73 43 81 13 27 78 87 64 99 0 9 33 73 71 32 55 65 28 98 32 16 45 94 83 72 9 31 84 51 10 98 44 86 36 42 82 83 24 32 95 8 
65 12 0 25 22 32 26 71 43 33 96 61 13 44 24 68 26 76 47 47 30 12 10 6 0 32 54 3 69 76 88 36 44 80 3 25 22 68 19 4 10 18 46 42 39 15 95 12 62 92 61 90 30 44 64 57 51 24 71 84 80 2 80 80 19 31 28 27 16 69 76 33 38 53 0 55 38 1 68 74 94 79 11 68 11 56 45 47 66 19 65 3 92 32 98 66 93 58 24 98 82 64 16 30 98 20 98 57 95 36 28 58 94 25 89 39 71 99 32 18 71 43 79 10 43 89 61 90 80 60 49 35 36 95 30 11 57 22 34 6 89 3 98 93 90 34 52 36 47 43 64 61 99 38 69 11 0 97 1 32 57 39 91 29 4 1 43 94 80 14 93 89 42 77 43 
25 35 42 49 16 70 50 62 56 58 29 3 3 27 77 41 84 94 50 59 42 5 72 67 13 30 44 4 5 58 10 3 87 25 47 75 52 45 50 85 95 28 89 19 9 68 49 37 61 35 26 90 80 73 16 74 4 46 58 82 15 47 28 54 25 11 47 47 42 58 26 71 52 15 69 30 73 14 21 97 31 89 7 69 62 90 96 87 82 92 37 92 83 34 10 65 16 61 31 58 12 83 92 49 29 28 2 16 14 57 71 70 81 99 25 58 69 43 91 13 36 29 64 24 97 5 16 0 22 17 31 56 13 36 65 41 32 27 87 70 5 75 91 60 92 44 42 41 2 90 68 31 88 85 43 45 56 36 51 9 13 72 24 34 47 50 89 35 9 89 89 21 19 41 17 
56 77 31 66 62 82 43 29 63 20 52 30 36 61 45 79 2 65 45 46 96 94 90 24 6 88 94 84 84 91 28 38 11 29 62 13 78 30 46 69 63 70 98 71 76 26 6 30 27 91 34 60 0 7 93 76 47 76 69 86 28 26 80 95 68 56 59 71 46 95 6 79 15 10 9 49 48 56 92 47 42 83 3 49 90 41 51 55 65 53 34 53 7 69 94 83 64 75 47 66 79 32 28 72 49 53 90 75 8 4 31 40 39 83 86 7 89 93 19 35 98 59 82 90 95 88 89 56 2 58 30 3 62 18 55 15 83 82 38 78 67 86 2 69 4 80 85 72 40 99 47 17 5 7 69 98 24 45 70 1 3 50 85 0 56 82 88 9 22 75 92 2 63 9 19 
64 29 68 68 27 14 15 65 23 70 4 64 59 76 21 47 4 78 77 63 70 86 5 55 13 11 24 94 39 79 82 65 41 67 31 18 32 14 97 99 8 86 7 60 94 83 85 46 32 76 0 30 80 82 59 97 4 52 59 37 1 82 45 65 26 2 96 13 27 95 69 76 49 46 34 9 98 29 0 97 88 46 2 42 19 29 62 13 68 46 14 57 70 58 26 24 31 71 93 81 71 67 25 95 48 98 39 78 36 82 39 5 22 95 4 60 26 72 5 70 42 97 86 9 17 26 81 73 49 78 71 74 79 34 84 51 99 11 65 30 64 7 53 29 43 75 53 18 16 51 92 28 38 42 75 40 97 43 58 73 66 30 71 4 76 62 40 69 37 6 52 57 14 17 38 
4 49 90 30 55 72 58 5 50 95 86 91 20 80 73 30 26 80 99 67 83 64 46 43 86 0 14 0 26 31 88 45 45 10 67 88 78 43 30 60 2 56 84 25 22 1 36 73 62 81 14 4 92 60 53 32 63 74 38 76 37 45 28 71 37 59 38 35 23 51 90 78 30 25 48 68 14 68 2 33 73 25 98 77 64 86 93 45 25 39 40 30 63 35 14 48 69 63 87 69 49 57 42 59 89 21 38 58 87 65 70 25 12 29 55 20 54 85 61 41 35 73 98 53 56 25 18 19 77 87 37 43 11 84 36 93 96 73 18 12 56 65 19 18 82 97 6 87 64 4 52 41 18 32 11 99 77 42 5 76 16 41 36 37 92 4 76 44 5 57 15 29 59 1 43 
1 30 34 84 38 7 71 83 66 86 11 31 90 35 34 14 19 98 59 30 89 63 94 36 37 7 86 93 51 37 49 64 22 47 75 15 57 7 54 68 96 86 60 34 35 93 99 77 19 27 46 22 94 97 83 86 72 35 39 43 88 35 55 94 86 56 53 40 77 52 84 31 99 42 26 36 2 27 62 69 38 76 73 92 6 23 97 81 50 20 39 68 64 39 72 19 65 74 57 29 94 46 45 90 74 79 29 3 63 52 54 46 29 40 64 60 88 81 61 99 46 12 78 91 97 45 58 24 30 17 63 12 11 18 71 72 43 40 84 65 59 62 56 4 69 38 62 64 85 66 16 78 83 10 33 21 12 47 42 98 30 65 53 12 38 81 42 81 48 82 29 65 67 2 46 
92 53 68 95 20 85 39 86 72 66 4 44 63 83 23 17 22 16 6 96 81 20 83 36 56 83 35 65 18 41 94 0 38 74 89 76 68 28 31 76 71 54 8 82 40 98 41 55 58 52 3 86 62 53 72 48 68 19 77 60 11 7 34 32 38 95 71 59 75 88 82 8 40 30 67 65 0 61 68 65 67 66 40 18 69 54 65 96 71 71 71 22 31 74 73 55 68 21 84 70 62 81 88 27 83 57 21 28 5 65 46 91 37 43 17 0 78 37 59 16 95 40 56 75 52 50 66 65 39 45 72 30 10 19 48 36 85 47 17 54 6 82 50 74 25 96 46 71 75 45 5 68 86 62 99 72 20 4 79 79 58 47 34 96 68 28 9 16 56 50 96 47 67 61 54 
50 89 12 39 82 95 7 24 38 87 76 39 75 68 59 76 45 52 15 31 97 72 80 68 12 30 30 88 38 55 0 34 97 0 70 22 38 6 89 44 53 96 99 33 76 19 39 45 8 94 94 15 38 3 3 83 75 26 7 52 29 21 2 90 45 4 75 67 37 69 5 11 48 59 56 89 9 29 29 93 69 79 66 88 68 48 23 34 93 1 43 37 20 85 40 13 58 84 31 38 22 85 60 66 51 91 63 80 29 34 3 14 42 75 9 4 7 35 18 8 72 44 22 38 89 31 88 88 41 74 92 33 40 42 24 37 16 85 73 35 1 64 24 93 57 86 92 70 86 94 81 3 52 21 32 75 30 59 75 90 93 77 41 52 12 64 96 84 81 93 15 25 82 87 77 
74 96 12 82 72 30 63 90 55 17 93 22 8 16 46 25 27 72 48 36 81 94 50 78 43 63 20 20 19 57 88 89 2 66 45 7 42 53 36 74 73 56 76 73 75 7 29 39 40 50 58 61 75 16 59 88 29 63 74 77 31 21 11 1 1 4 89 18 98 14 94 27 91 68 77 41 43 71 11 14 40 9 7 41 73 14 11 48 15 7 71 88 95 6 85 81 23 2 49 61 4 16 60 14 94 15 39 56 45 44 22 71 26 64 63 79 40 44 74 17 77 12 90 11 96 39 9 98 93 45 87 86 99 70 48 56 52 89 94 21 78 65 48 45 34 91 18 36 22 2 21 2 61 10 47 30 39 58 2 69 23 95 42 11 1 70 51 16 71 15 60 7 42 95 63 
59 19 13 95 22 83 89 33 19 36 23 52 87 77 88 73 11 92 44 63 22 45 39 58 46 79 54 79 99 20 99 77 27 67 72 76 20 65 64 49 5 13 65 46 36 11 20 92 19 90 19 90 82 94 52 63 46 16 71 59 8 3 9 2 90 50 36 33 29 38 66 55 44 78 73 32 78 31 2 3 36 84 6 77 79 94 3 98 62 48 21 53 65 38 65 37 55 89 84 79 75 61 5 31 53 1 5 81 77 95 17 34 92 25 95 1 57 31 97 53 38 45 69 60 24 63 0 11 40 18 26 79 18 92 10 21 71 48 22 96 48 8 31 15 51 33 68 73 37 81 83 53 36 53 54 27 94 65 1 88 9 86 87 1 15 80 68 71 76 12 63 40 91 39 4 
27 48 79 35 18 16 98 12 15 55 93 6 50 87 49 98 68 80 45 26 26 52 90 56 75 25 37 64 79 82 10 72 57 91 79 19 53 60 20 11 44 92 77 44 4 86 46 12 54 78 7 60 41 42 63 64 72 9 8 70 26 46 23 75 83 16 86 26 91 10 9 87 16 50 16 59 60 19 85 55 45 65 99 51 99 99 84 40 45 60 76 87 66 60 17 97 17 44 13 56 97 76 88 69 61 10 25 55 3 75 67 80 18 98 99 74 49 6 41 35 83 11 64 54 43 23 54 80 9 99 24 62 86 50 49 68 3 70 50 35 89 96 56 49 55 33 3 44 23 47 73 76 55 72 85 42 34 57 18 52 96 8 96 62 6 58 57 69 61 10 36 11 21 58 74 
92 74 89 58 99 39 22 78 22 20 62 78 11 51 26 62 81 56 64 51 12 69 52 24 51 39 7 85 33 74 20 64 26 27 64 66 6 14 13 63 46 68 90 96 14 60 28 74 74 54 39 76 53 98 57 72 62 52 69 28 7 78 41 60 72 13 7 18 40 28 72 66 57 19 0 87 29 61 6 63 28 13 70 79 28 90 76 0 91 67 45 63 86 16 63 41 40 52 2 95 25 15 58 7 51 56 44 1 87 38 88 89 73 37 66 86 89 28 68 85 10 65 50 12 29 38 62 36 19 19 59 87 21 34 9 89 57 21 35 72 36 34 86 81 28 36 17 10 66 48 94 71 23 40 51 28 14 92 59 57 0 5 12 50 81 88 17 61 48 75 46 90 58 29 75 
87 96 20 28 79 52 68 83 66 16 96 59 18 25 74 81 17 76 65 36 42 3 56 80 0 43 37 42 20 29 84 88 64 64 39 47 37 52 29 43 98 40 59 54 30 64 22 54 66 3 10 18 94 15 48 42 30 94 77 0 34 6 37 98 14 36 94 41 21 31 80 91 67 47 34 76 54 81 55 24 87 23 25 8 62 40 76 34 70 64 22 16 6 1 89 23 56 51 82 67 45 94 60 36 1 17 57 79 17 29 19 55 40 77 18 95 84 38 49 38 98 19 42 91 73 61 64 79 22 64 53 57 94 56 52 29 35 83 51 4 51 53 64 92 20 1 20 13 39 48 11 95 32 63 79 69 74 74 52 75 56 30 30 28 81 86 18 11 14 13 14 53 14 21 86 
22 25 24 92 70 60 17 26 19 48 3 97 13 33 21 93 21 54 18 3 75 20 49 87 10 77 31 82 27 23 79 38 77 26 34 75 86 91 88 50 84 42 29 29 93 39 7 46 98 1 84 58 1 77 3 6 87 97 66 32 64 69 39 68 43 61 61 71 70 50 65 32 71 62 36 60 82 9 34 38 96 28 32 31 6 26 93 39 40 7 70 81 21 94 96 13 23 77 77 9 40 0 10 72 34 60 49 18 6 31 27 43 3 49 1 94 17 7 92 24 57 11 52 12 86 21 45 93 20 23 47 82 93 86 23 39 15 87 59 42 40 42 4 32 10 59 61 40 19 27 75 17 40 29 8 97 25 7 27 94 9 74 71 33 86 37 78 11 33 37 39 94 10 82 18 
56 58 45 47 11 63 46 87 87 79 71 36 70 80 19 73 74 80 45 72 28 28 24 8 64 94 23 3 24 73 27 74 22 39 6 95 54 33 55 8 15 4 31 8 76 14 68 70 31 83 89 8 76 1 10 44 17 45 45 64 4 23 71 81 68 76 0 13 71 62 14 73 91 67 70 83 59 88 6 80 89 56 89 59 10 80 60 82 45 24 2 1 92 43 85 94 79 54 83 31 2 97 19 98 0 93 78 93 51 95 95 83 55 3 3 50 0 0 33 36 15 21 96 85 49 34 80 80 8 17 48 54 8 13 15 39 17 57 29 7 82 52 30 79 58 73 78 22 20 11 51 52 6 58 46 97 89 91 38 88 54 74 31 41 72 13 43 91 43 91 25 78 88 28 61 
70 77 77 87 66 77 55 83 15 72 79 74 77 73 75 74 95 89 15 50 73 72 95 66 97 23 90 89 26 37 9 51 80 0 10 47 60 22 43 5 46 99 54 99 57 3 69 62 65 59 20 82 49 67 7 24 41 39 20 20 94 5 69 88 2 6 15 85 39 34 69 89 2 15 50 6 52 35 45 36 16 97 33 45 8 18 33 57 9 12 77 7 75 78 57 8 94 52 21 42 83 93 30 60 63 66 92 30 80 6 72 22 33 66 36 41 51 37 57 14 33 73 2 20 29 61 72 37 57 81 62 92 23 23 31 17 39 28 96 69 64 15 87 62 61 60 80 16 76 60 92 2 42 59 14 41 12 66 19 73 27 2 56 51 83 66 89 34 14 9 21 86 93 83 57 
73 15 7 99 63 21 30 48 45 72 44 7 82 61 99 18 29 14 88 72 72 80 44 47 34 16 62 47 30 23 38 93 57 61 65 17 69 61 55 18 75 56 52 60 50 81 67 15 41 22 90 74 68 21 45 4 80 28 43 37 57 95 96 12 75 0 22 2 36 44 1 84 10 65 69 23 33 15 63 63 71 8 51 25 85 55 33 82 43 72 10 33 20 69 99 36 34 12 13 65 56 80 41 17 58 56 96 75 37 0 51 42 9 92 40 91 83 15 94 6 52 67 80 17 13 1 99 27 43 92 13 47 95 32 92 41 72 69 25 55 75 12 29 74 30 1 93 4 73 60 31 89 80 24 39 61 43 22 91 70 19 50 38 73 75 32 87 72 71 65 63 94 73 82 27 
70 41 70 30 57 2 49 18 88 88 69 65 51 88 46 96 34 31 77 22 45 9 39 29 39 58 63 55 78 71 83 16 19 7 10 21 14 17 80 23 83 22 4 74 72 64 2 10 18 10 56 32 14 57 26 73 25 64 18 70 57 46 58 47 48 26 50 8 46 59 34 39 4 22 14 45 21 91 11 90 5 79 85 81 15 74 73 45 33 55 49 40 82 82 20 12 79 42 97 98 57 9 67 98 93 82 91 12 5 5 39 42 91 89 75 34 28 77 58 68 2 86 58 13 64 4 95 11 75 75 50 7 8 62 70 16 29 71 26 1 62 85 45 67 51 51 85 84 13 19 60 57 24 65 12 65 58 66 15 25 55 46 79 66 11 97 19 73 20 2 36 22 41 34 81 
84 5 46 70 4 95 9 13 97 16 91 11 61 42 2 4 40 77 1 98 74 87 85 72 89 69 73 60 42 97 77 27 88 53 66 88 65 11 95 8 3 99 24 45 44 36 16 63 11 34 99 23 2 94 2 60 41 69 99 16 27 16 57 38 31 48 53 49 37 72 75 63 0 24 8 14 45 6 72 5 5 48 93 56 70 82 97 27 26 88 48 20 32 17 39 30 16 36 12 7 98 11 15 96 74 52 64 63 20 88 40 60 69 67 45 87 76 16 51 78 72 54 5 95 66 47 95 94 52 56 14 41 27 80 29 95 46 15 87 29 89 39 67 42 15 46 52 49 65 34 60 83 62 71 2 79 33 39 2 73 38 2 55 17 48 3 12 55 94 92 75 77 41 85 85 
32 87 27 57 51 19 52 63 26 0 58 48 71 57 20 82 93 58 37 88 39 21 56 9 67 63 63 30 33 15 50 36 5 9 9 47 90 30 7 20 58 95 83 98 4 32 80 86 21 44 9 70 8 82 96 60 46 88 32 86 43 12 81 29 21 87 93 45 73 93 89 96 9 28 35 16 82 59 98 82 96 11 20 16 86 57 48 45 82 30 7 55 71 6 95 86 43 14 5 49 77 69 30 23 86 29 25 66 98 20 68 41 11 52 65 89 45 69 61 11 95 4 2 3 66 30 0 32 24 75 47 34 61 82 46 7 92 15 63 42 99 18 53 17 53 4 88 41 55 54 96 35 65 77 39 20 66 55 44 23 43 76 7 74 63 83 71 88 79 1 29 69 6 43 64 
85 53 9 80 99 60 29 70 89 20 95 75 85 88 23 8 73 77 60 29 43 31 53 79 9 92 40 29 30 86 32 94 46 54 16 15 48 67 61 7 12 15 47 30 38 25 95 11 51 86 77 76 90 58 64 83 10 61 84 37 3 30 81 90 44 93 23 64 25 61 85 21 58 73 12 15 33 82 5 20 46 35 25 18 45 11 94 83 4 7 16 41 56 34 69 90 24 78 85 64 28 35 94 82 44 75 26 81 47 78 82 23 12 60 61 14 18 75 41 91 74 63 91 15 29 87 44 8 3 94 96 83 97 16 94 69 63 9 15 93 75 59 85 56 3 45 6 11 60 15 29 68 68 40 10 97 81 29 79 94 71 7 16 4 86 98 18 57 17 74 45 51 86 86 82 
92 26 84 33 63 16 34 41 35 61 66 20 17 3 64 12 44 12 76 68 40 12 33 89 16 25 11 10 55 24 54 58 6 93 30 7 38 22 18 53 91 68 13 82 35 21 39 98 82 98 64 56 96 15 83 92 78 25 25 98 5 66 82 23 92 51 11 76 79 42 29 59 5 29 63 58 78 31 52 24 46 41 55 75 33 68 21 29 82 55 51 5 71 68 69 93 19 93 28 36 60 72 90 27 71 59 73 37 69 38 36 72 63 84 83 32 88 0 63 73 27 39 97 20 54 61 71 18 35 2 75 90 74 68 42 35 69 92 53 83 26 1 50 60 33 20 26 23 29 84 43 22 73 45 38 71 40 77 55 80 79 82 52 32 89 95 79 58 35 52 78 88 25 23 15 
76 54 14 50 22 74 20 82 28 36 69 98 82 39 71 27 65 38 85 28 39 13 74 85 42 11 4 85 83 61 94 24 98 6 4 61 17 1 40 0 59 73 67 4 67 54 76 94 41 30 9 34 76 48 83 52 18 46 33 73 29 52 95 96 42 40 13 2 1 74 66 56 81 77 26 83 45 7 86 35 1 46 61 73 11 7 16 76 44 32 76 45 50 86 15 59 92 7 78 79 68 69 15 1 16 92 74 23 86 46 90 15 49 41 28 22 57 78 77 99 65 99 61 72 25 3 47 45 98 15 4 62 38 38 63 21 13 33 19 31 17 93 11 79 49 5 58 73 24 6 54 23 5 68 6 56 78 31 88 40 21 53 69 77 30 90 56 74 13 49 35 10 61 37 15 
66 57 41 82 52 64 42 13 82 36 1 0 82 95 86 18 15 53 48 62 92 47 82 56 36 62 14 79 71 20 5 86 42 50 76 23 56 58 86 8 25 9 11 91 26 68 27 44 8 13 45 18 6 41 75 94 88 4 73 33 87 93 43 17 92 37 72 84 78 58 37 64 45 99 60 91 66 92 22 32 87 85 44 9 6 20 7 13 90 32 59 71 52 10 51 20 97 24 96 23 14 27 24 97 32 38 68 60 83 14 87 99 62 55 28 12 74 16 95 94 1 74 65 82 92 8 94 81 83 45 96 60 84 43 2 96 91 23 60 94 83 25 81 80 48 14 92 14 60 80 53 23 76 25 82 18 48 90 33 50 37 72 15 95 10 33 92 5 23 66 21 63 95 76 26 
27 4 29 74 1 91 73 59 81 40 69 94 1 32 26 57 70 82 67 76 89 87 67 69 97 2 67 66 41 82 22 46 54 68 12 32 13 78 3 25 99 15 1 2 94 90 71 59 2 96 11 5 34 13 46 17 62 75 81 87 64 65 83 77 14 14 18 51 37 29 21 48 18 37 66 53 8 34 30 94 2 97 53 67 66 36 85 18 11 4 50 20 30 70 49 97 37 96 65 46 94 62 27 14 21 39 1 61 98 95 38 4 50 53 23 5 43 40 77 59 47 22 26 37 76 14 58 21 44 55 72 38 15 95 48 78 71 18 23 2 91 37 14 26 69 96 8 88 32 41 60 2 39 33 55 41 93 50 5 73 87 68 88 96 33 97 30 71 25 22 35 65 8 14 63 
73 73 26 2 40 38 74 79 33 26 73 23 95 45 70 86 28 87 59 17 22 69 89 69 95 93 53 45 64 78 74 45 77 63 95 90 3 1 19 19 34 95 20 78 57 38 21 76 65 99 64 56 33 72 87 52 73 80 19 55 55 94 48 51 45 83 24 87 7 25 56 2 91 9 35 3 37 80 42 3 52 9 85 25 5 15 59 35 41 12 17 4 24 26 80 6 40 98 48 89 73 45 88 34 79 23 77 66 26 38 1 49 95 31 8 16 69 6 75 44 77 16 15 92 55 41 62 41 73 47 89 76 71 90 95 36 19 39 65 46 22 98 20 34 95 17 37 16 31 7 24 73 13 25 38 58 0 54 97 47 36 34 87 72 23 84 1 51 52 61 43 82 9 37 88 
39 79 49 15 82 5 79 84 2 94 18 83 89 38 33 60 53 58 75 13 53 71 86 15 3 55 69 25 62 48 92 66 5 80 75 69 99 85 88 2 89 12 38 33 58 69 10 7 96 48 41 48 83 41 55 88 35 9 38 42 36 68 81 60 40 37 88 11 27 19 28 99 38 91 16 67 54 38 51 44 61 97 22 95 37 70 86 97 68 27 90 52 19 9 96 38 91 34 99 43 18 93 10 6 8 15 61 93 73 84 64 31 40 36 60 23 54 70 7 81 8 41 57 56 9 88 93 47 48 26 65 76 92 15 43 18 88 31 94 8 95 96 67 4 36 1 27 6 14 21 5 14 14 25 75 81 60 0 52 45 29 52 35 85 17 88 15 87 49 82 65 77 83 25 38 
17 68 99 19 28 74 53 91 38 75 20 79 29 65 50 43 70 88 94 63 9 97 53 80 8 68 25 42 21 0 39 33 38 0 83 72 44 46 65 62 83 70 97 15 52 77 98 66 17 52 15 7 98 91 25 32 55 80 37 77 77 8 64 45 65 49 30 61 26 63 38 89 49 6 60 20 16 34 84 11 1 3 81 24 97 79 39 89 53 90 64 45 82 28 3 22 58 13 94 20 75 34 96 65 59 86 1 20 21 9 97 5 79 84 7 50 77 94 79 11 28 10 73 74 63 41 48 71 64 71 21 17 31 16 68 6 86 82 6 95 37 94 15 2 3 74 77 29 46 28 97 43 18 74 28 99 17 89 13 80 54 24 4 5 46 63 42 49 0 15 19 68 59 66 99 
0 43 6 1 4 74 25 77 61 83 64 89 37 84 10 66 9 73 95 86 90 96 86 64 61 70 57 71 29 81 81 46 91 88 50 93 76 27 85 28 76 65 66 42 87 31 43 84 75 45 41 64 34 87 2 42 60 34 66 25 7 20 1 1 94 67 62 46 42 55 67 2 29 68 74 35 62 50 40 74 4 3 95 80 88 93 30 93 69 86 5 62 86 36 82 4 20 3 23 25 90 85 95 40 64 17 3 98 42 37 8 21 26 10 52 79 83 90 38 78 61 23 28 1 22 80 47 99 70 8 11 43 32 61 41 31 70 45 4 76 57 36 96 60 23 77 45 38 14 48 41 57 13 97 51 2 13 82 29 56 98 89 62 25 23 27 72 57 4 41 49 9 41 55 36 
11 19 37 10 95 18 60 63 27 39 44 66 78 15 66 9 89 86 74 56 33 69 9 36 52 14 91 26 58 35 85 22 48 67 47 8 62 92 48 54 18 16 57 4 12 24 18 53 63 11 76 53 75 80 91 50 71 78 8 91 16 81 36 77 71 98 2 4 90 37 85 15 7 8 2 36 14 15 13 37 21 37 30 66 10 1 38 40 88 15 75 63 54 32 94 24 19 85 34 74 64 40 28 80 58 92 36 3 53 68 87 79 39 32 56 12 99 49 98 57 4 88 11 41 6 97 74 87 1 82 62 52 65 52 68 14 29 38 81 11 75 79 11 63 20 54 25 22 58 31 37 79 17 6 72 68 13 4 2 77 23 80 93 4 52 35 91 0 55 19 26 79 87 76 67 
59 55 37 57 8 70 34 77 95 10 84 0 55 62 4 2 96 66 36 38 21 74 44 59 18 45 51 8 85 54 3 0 37 62 48 14 93 45 26 48 63 86 62 84 72 76 39 10 85 59 20 46 49 25 74 46 25 33 6 99 92 15 75 61 84 59 16 88 52 67 80 77 72 94 0 47 72 8 9 78 17 41 60 22 55 25 89 27 98 25 64 29 53 62 5 64 70 91 28 93 8 22 52 49 90 83 7 81 44 45 92 49 21 40 41 2 6 27 26 36 32 47 73 64 40 91 54 31 24 55 27 29 48 79 8 88 54 29 39 66 51 4 50 17 58 87 16 5 32 83 16 4 99 78 43 25 4 77 41 26 17 44 7 25 65 40 46 59 28 39 56 6 99 84 11 
40 28 59 33 70 57 11 61 0 50 47 96 47 33 54 10 16 86 62 13 23 30 19 57 36 11 75 95 22 14 73 26 49 11 62 78 75 49 89 13 75 66 13 38 86 63 47 65 23 91 73 36 30 20 4 0 88 24 19 7 17 3 12 80 77 25 82 0 8 35 21 9 88 17 66 0 15 17 88 58 88 24 12 72 6 45 66 1 28 33 93 20 58 70 96 11 11 96 12 96 77 54 20 41 60 30 73 80 39 48 82 40 63 95 39 52 33 11 56 92 18 13 61 39 75 83 19 32 25 7 36 40 6 64 86 27 73 54 43 69 69 47 78 37 30 27 26 5 21 16 71 73 93 68 94 33 48 75 58 1 41 21 92 12 15 56 93 7 91 85 75 66 55 41 10 
56 46 36 84 87 89 43 99 15 18 99 37 54 45 88 61 37 21 76 74 78 29 53 4 91 21 39 28 39 49 14 2 61 54 41 81 5 12 40 68 36 13 90 27 24 9 55 67 70 71 28 43 57 99 70 53 17 43 50 11 81 3 74 22 26 82 30 48 94 4 10 63 13 71 39 75 33 80 14 84 83 92 17 61 70 81 40 28 19 84 58 68 64 80 45 78 41 55 37 36 40 1 28 60 88 69 64 13 4 87 21 79 95 4 46 9 50 19 11 54 90 85 51 79 30 20 13 13 57 62 9 87 28 94 94 89 53 31 84 10 92 17 4 7 98 71 92 57 68 39 70 61 0 17 28 54 58 72 92 18 3 88 91 48 94 49 40 17 40 52 70 76 73 18 48 
59 47 33 78 96 40 68 74 91 62 20 97 99 96 75 34 8 75 30 10 76 20 4 39 23 64 62 37 31 55 25 53 60 40 53 69 6 44 2 51 58 70 80 90 91 54 58 3 86 58 90 86 74 48 93 10 6 52 60 80 38 19 14 14 30 93 97 61 84 95 62 97 55 27 67 24 70 69 1 80 65 9 20 11 38 55 68 45 6 81 81 83 93 26 36 82 15 10 11 52 29 65 12 98 81 42 25 86 99 55 54 2 35 26 96 19 17 61 8 47 35 33 39 60 42 34 60 76 95 84 66 81 76 91 62 64 2 83 40 75 45 25 0 96 78 71 97 92 94 65 74 79 90 54 68 26 86 48 58 57 77 61 94 33 25 80 50 77 21 40 91 45 58 3 34 
48 39 38 19 4 10 16 87 3 39 25 18 13 17 23 54 32 43 4 46 83 19 23 81 56 95 79 30 88 91 72 66 66 12 58 21 38 74 43 5 38 4 63 73 63 24 44 23 1 43 38 89 0 50 50 61 35 16 3 60 4 58 37 91 24 65 12 91 26 69 60 20 14 55 56 74 60 29 36 1 78 37 62 21 89 35 57 38 87 63 51 36 20 8 34 64 8 0 38 74 68 61 96 85 73 13 8 76 85 33 98 31 78 16 63 49 78 83 72 88 88 78 20 14 11 7 73 51 9 75 56 9 83 36 34 36 48 4 63 24 66 16 97 68 85 83 38 1 39 53 39 78 3 50 4 22 77 97 90 51 27 88 4 66 71 0 12 84 75 95 55 78 31 3 9 
35 59 89 62 27 76 40 15 58 4 68 3 91 13 49 29 16 96 83 38 53 34 43 35 50 82 81 97 90 92 62 71 81 43 68 97 73 38 63 88 65 40 81 84 51 19 50 60 75 56 41 82 82 50 11 93 66 8 99 9 46 22 31 30 12 74 14 89 31 52 6 55 25 95 82 84 71 84 66 40 33 22 68 22 61 55 1 56 57 79 95 7 81 34 43 28 57 13 65 14 69 17 67 63 13 20 37 37 15 57 16 56 24 10 86 96 38 49 28 92 46 46 61 68 1 14 97 66 51 59 12 4 43 29 48 11 11 72 75 63 49 71 2 47 14 87 49 74 76 75 9 61 8 43 8 3 11 47 23 38 3 9 55 17 73 38 76 82 10 17 38 49 27 61 29 
88 25 93 51 53 5 48 6 33 41 34 74 7 60 13 88 48 29 34 82 82 67 23 36 30 43 68 0 56 31 28 38 65 10 48 43 87 14 1 24 55 48 98 63 53 3 88 51 81 69 62 58 10 89 37 80 16 46 45 17 41 5 17 17 37 16 47 47 50 17 36 77 35 45 28 38 19 27 58 76 3 24 43 81 44 43 8 17 37 69 81 56 97 21 50 89 8 69 93 55 31 45 94 75 20 76 5 4 98 30 35 18 41 62 18 97 75 31 39 73 30 34 11 34 56 67 95 83 90 51 87 95 27 87 40 25 74 62 71 4 22 12 34 38 67 86 99 2 63 43 65 11 55 87 88 92 46 23 11 2 24 5 67 15 48 55 28 55 72 78 47 50 52 95 77 
58 52 40 83 82 14 10 61 5 9 41 30 97 80 9 72 43 60 14 23 34 14 4 51 7 14 19 70 50 53 10 71 82 9 52 70 65 4 73 72 0 24 25 99 29 10 43 72 95 75 2 21 52 40 27 29 11 55 54 92 68 72 7 11 51 89 26 44 38 6 68 82 68 31 61 17 54 23 26 41 60 26 72 70 14 76 41 10 41 1 19 81 37 91 13 29 26 25 34 85 66 84 66 91 94 4 65 97 58 18 31 48 5 6 1 44 89 77 90 26 83 26 81 19 40 58 12 34 4 27 63 64 41 35 67 48 7 58 16 45 83 59 54 99 40 93 24 88 98 97 17 62 92 78 17 91 78 31 17 3 48 17 40 38 78 61 58 70 28 38 23 88 92 41 36 
10 58 11 33 5 20 91 78 49 95 35 51 31 35 77 58 69 23 88 56 73 42 12 55 21 6 91 95 64 28 52 61 48 13 83 69 65 70 82 82 38 78 95 38 71 89 40 68 11 9 11 2 90 34 88 32 60 76 96 49 25 15 52 40 92 34 85 55 71 54 72 41 3 85 73 23 18 68 90 4 42 25 22 95 58 64 14 9 51 82 25 51 39 9 5 36 40 2 94 34 26 9 92 62 65 13 71 22 64 33 20 90 36 38 89 30 71 2 31 59 25 55 63 62 92 22 50 91 18 29 45 92 21 59 60 62 40 8 54 41 15 56 70 55 50 97 38 39 50 92 62 85 62 54 55 1 70 97 12 74 64 39 50 69 76 18 85 4 10 41 20 22 32 57 81 
98 45 6 21 26 51 0 20 68 51 84 58 18 56 21 21 66 89 53 30 53 79 35 30 5 43 1 77 33 54 71 35 20 47 2 10 54 86 70 38 17 72 63 27 61 87 44 18 92 74 49 55 91 53 60 37 54 61 67 95 42 72 29 85 40 66 3 54 34 40 83 76 54 61 73 61 78 63 44 88 40 87 46 39 66 2 52 76 89 35 68 0 99 26 64 64 91 88 74 37 42 39 54 67 78 32 32 75 48 81 53 96 90 86 96 91 95 73 78 22 37 41 43 14 27 67 55 83 52 47 16 75 82 70 4 18 40 6 72 12 61 2 18 65 20 33 91 53 30 28 6 40 64 63 55 79 89 54 50 31 16 82 66 45 33 73 94 2 33 9 61 92 22 65 79 
72 74 63 52 25 74 22 54 5 90 45 1 93 57 40 61 92 11 18 69 30 14 99 8 85 55 47 23 17 8 81 34 18 49 43 27 2 33 40 79 32 9 84 33 71 25 99 50 54 38 1 23 0 53 65 76 98 84 37 15 47 96 7 69 2 98 74 40 36 5 61 78 66 5 9 97 50 84 14 32 81 25 81 5 46 86 65 65 54 63 83 3 21 36 33 21 66 10 90 59 80 39 70 5 14 4 98 88 24 49 94 2 41 87 92 74 57 51 37 46 9 72 19 52 22 57 65 55 26 89 0 96 88 75 90 58 26 75 9 6 98 52 35 71 43 69 1 57 50 96 87 27 82 94 71 95 70 46 30 45 81 82 21 48 64 92 86 34 40 56 20 91 10 20 50 
67 51 67 43 68 83 34 0 49 17 99 18 17 20 84 93 64 42 58 20 12 80 27 34 62 11 94 23 25 42 30 57 94 8 29 33 39 74 72 51 4 45 98 72 43 42 22 91 2 2 85 68 66 71 98 22 7 5 80 29 12 88 44 32 50 50 58 56 56 75 62 14 72 85 61 27 20 39 69 45 92 75 32 94 94 30 20 74 1 53 10 30 66 26 22 94 67 93 34 10 70 67 33 25 36 20 7 57 3 28 91 15 95 81 49 33 21 88 58 12 47 85 81 31 85 71 46 78 27 41 38 34 96 11 70 4 53 9 51 54 52 32 85 14 4 83 71 46 22 85 66 13 67 53 16 53 96 47 64 63 31 49 48 47 5 71 64 15 70 68 3 31 78 7 37 
54 42 77 18 57 59 87 10 89 24 0 38 61 78 85 54 83 28 11 35 31 34 84 13 83 30 21 39 63 79 65 15 64 73 16 10 2 42 95 5 79 17 88 65 13 54 50 64 96 52 60 67 59 43 84 97 52 47 35 71 60 62 79 72 7 64 80 42 33 31 54 4 11 58 52 78 15 87 67 58 13 36 52 77 52 8 36 39 54 71 86 6 47 13 44 64 17 60 13 49 63 90 5 43 43 76 98 81 82 27 69 73 72 18 34 42 19 79 31 34 59 71 97 38 29 70 14 55 36 30 62 78 81 71 11 4 11 17 47 7 85 72 2 0 73 84 99 26 82 4 90 95 92 64 29 3 79 43 35 39 18 20 98 65 21 35 1 26 11 31 84 47 69 3 76 
18 17 35 17 73 83 51 82 84 37 29 93 45 36 45 0 24 62 9 93 39 39 23 90 58 61 30 91 85 23 14 31 32 64 18 71 28 22 62 56 32 17 29 48 73 44 51 45 45 35 77 81 79 37 80 75 98 82 12 39 96 46 18 93 46 46 18 21 31 56 90 15 24 78 84 8 24 61 7 5 54 42 49 25 43 91 64 32 72 81 98 22 55 86 67 41 72 8 14 33 95 83 92 8 77 95 41 96 77 85 48 19 17 65 30 21 48 17 2 44 32 72 69 90 52 89 20 77 91 9 15 63 80 51 86 22 70 60 10 47 70 53 29 37 38 26 28 47 30 27 93 2 51 3 42 44 42 33 26 6 65 94 90 87 56 91 1 54 11 52 67 38 55 89 81 
79 34 78 78 47 36 34 62 96 72 22 24 80 40 66 53 96 41 48 47 66 6 23 8 58 63 61 99 60 41 45 61 54 46 54 49 98 22 27 15 12 52 33 55 84 71 8 2 42 83 83 36 52 73 39 58 20 34 63 9 95 78 80 32 51 7 4 21 20 30 54 68 46 52 6 13 42 61 98 79 51 32 79 38 62 47 71 7 36 63 39 11 62 99 43 62 8 23 46 11 61 28 31 61 79 45 31 80 5 57 18 73 54 70 50 55 2 34 52 75 30 0 50 55 91 46 87 35 68 33 31 4 51 40 30 19 80 56 8 33 70 36 54 80 4 14 28 72 63 83 5 74 1 6 54 62 54 62 70 17 80 33 99 93 93 83 64 13 66 44 50 93 74 52 52 
4 60 26 78 5 44 0 71 57 5 80 27 42 78 31 98 31 40 52 17 63 55 88 23 12 48 74 92 56 58 55 4 5 49 10 36 5 86 13 55 80 35 12 37 47 3 34 39 54 71 32 22 57 82 53 87 17 91 42 16 84 77 80 92 9 52 58 80 89 6 18 27 35 46 14 57 52 42 57 15 63 64 22 28 38 75 65 42 3 62 7 69 75 58 48 64 29 34 68 19 56 46 25 34 23 21 89 90 9 73 92 34 16 51 47 71 35 15 8 95 28 12 49 81 75 75 30 44 4 23 61 26 41 22 44 33 10 59 70 90 56 48 3 78 47 53 23 95 33 65 48 35 22 75 21 32 52 46 8 70 34 30 13 82 71 29 41 65 30 89 63 65 5 82 73 
49 27 2 41 70 45 77 67 75 74 46 92 56 82 6 40 6 34 92 26 68 31 27 75 59 63 46 16 2 16 77 38 85 59 18 82 3 7 55 61 78 23 93 58 97 19 66 54 60 35 86 42 1 54 27 93 95 68 10 28 64 59 55 67 40 58 21 61 52 2 61 8 73 15 21 88 13 9 84 35 32 46 9 83 65 60 60 38 77 29 77 42 82 19 28 35 11 39 46 30 51 7 86 95 42 83 45 80 69 34 87 42 36 21 74 75 9 48 64 61 15 63 13 80 68 92 51 57 71 69 40 3 50 3 10 68 91 76 85 81 22 7 37 63 64 8 18 95 37 11 34 77 15 4 16 94 77 64 32 23 89 44 7 34 51 55 65 21 79 53 48 13 88 26 99 
60 92 9 2 19 53 27 13 30 34 79 55 4 94 91 18 80 83 25 15 70 13 73 31 93 82 51 0 73 43 39 41 74 92 13 40 22 51 14 97 68 40 79 76 70 64 41 52 14 17 63 74 96 64 23 66 68 51 34 6 75 56 85 59 76 28 29 74 19 42 86 44 52 78 88 73 57 66 81 10 55 49 74 81 9 20 27 88 9 89 15 89 99 38 34 94 86 7 54 12 55 73 19 14 16 80 88 32 88 84 26 15 61 0 31 18 6 32 32 48 41 40 9 3 81 26 36 39 10 19 32 91 31 68 20 62 54 30 89 62 35 50 78 54 90 55 61 85 7 82 60 36 82 67 28 40 0 91 76 62 85 35 37 95 57 19 31 1 90 75 17 12 48 49 4 
42 23 5 55 79 60 97 52 12 13 94 73 37 45 92 52 94 6 76 33 96 29 50 17 42 27 86 80 60 56 74 26 34 21 32 32 99 52 80 58 44 81 78 76 61 85 75 7 62 27 6 6 81 30 19 0 21 75 35 58 32 45 12 99 55 24 29 34 15 75 70 67 48 22 68 67 27 34 64 44 54 7 30 55 63 77 46 96 66 62 47 32 80 16 41 93 70 61 31 14 85 34 95 23 39 44 89 81 12 43 31 91 8 42 55 39 25 84 5 14 37 95 73 56 27 36 93 23 6 39 16 27 85 93 51 77 2 70 40 24 48 48 16 28 58 32 55 97 55 45 75 71 90 85 47 97 42 97 61 26 38 83 32 83 31 90 69 29 84 12 18 48 43 34 40 
15 57 21 71 32 7 80 61 37 83 69 91 58 33 19 86 82 81 40 44 30 42 68 90 18 13 99 77 66 54 3 70 1 74 43 67 27 29 69 6 37 3 33 36 81 12 11 48 72 91 93 45 55 85 72 66 93 17 18 98 59 52 37 56 20 87 57 32 53 11 90 76 23 62 68 10 19 27 42 59 14 76 55 45 78 14 20 62 26 74 0 90 51 26 17 88 66 32 2 77 53 13 36 37 90 48 37 0 75 86 33 96 51 74 53 60 71 99 36 44 80 35 49 0 56 14 95 56 8 39 16 17 52 88 69 36 52 22 83 38 74 89 67 10 27 5 63 53 55 9 82 64 28 39 93 70 29 43 21 46 68 63 48 78 60 93 26 26 54 46 73 52 76 84 97 
48 31 36 65 34 26 68 87 98 16 22 88 36 33 63 41 75 98 83 6 50 30 68 91 84 78 50 59 18 66 42 65 35 26 9 36 58 89 65 13 6 27 57 11 67 99 71 44 42 86 97 12 91 25 9 15 14 81 38 49 93 94 46 90 12 53 69 75 55 50 56 57 5 41 38 74 81 0 76 24 4 0 13 84 86 33 72 44 68 7 79 68 1 36 12 42 38 16 83 22 48 7 79 50 82 58 70 32 56 68 87 49 73 45 53 99 4 38 36 20 90 20 73 67 81 3 52 94 31 31 21 84 65 53 31 70 71 1 25 74 2 88 28 73 56 16 88 56 7 88 42 43 5 8 33 29 57 73 47 17 18 43 78 46 96 50 39 30 53 50 91 57 2 74 19 
55 11 12 38 49 25 66 43 48 29 23 14 91 7 56 61 82 90 32 87 15 12 85 22 69 86 73 91 61 90 23 56 22 3 23 46 24 31 99 72 89 3 61 43 84 46 3 6 94 10 20 82 97 17 89 3 69 17 60 39 21 1 82 87 16 14 85 31 88 84 97 63 12 33 63 14 64 12 52 73 11 55 89 90 18 14 11 98 25 86 59 86 80 0 44 62 37 42 33 19 82 17 65 45 44 52 51 98 79 5 28 4 62 47 70 93 26 88 5 46 80 91 99 24 96 40 37 1 92 9 18 98 44 9 76 63 38 88 38 55 14 71 84 36 22 23 20 74 65 33 48 14 46 14 10 17 55 57 30 15 9 85 45 67 87 97 40 72 57 93 62 4 37 56 3 
44 93 18 55 46 23 71 97 72 62 88 81 72 39 9 69 1 31 75 19 5 23 39 25 10 11 90 81 42 70 69 14 25 87 84 88 3 1 24 92 65 77 87 95 10 72 35 29 59 89 77 93 31 7 53 22 95 3 64 20 43 76 79 71 88 18 22 39 43 75 80 79 43 50 53 42 85 76 97 11 60 40 27 30 12 90 35 96 95 10 49 97 38 89 77 21 50 25 74 87 82 35 76 6 31 16 20 62 17 81 39 48 67 22 41 63 42 38 84 17 38 15 22 90 92 76 85 38 78 78 30 10 87 78 27 62 20 34 8 86 43 63 61 11 67 2 84 14 47 22 70 91 78 74 70 48 98 16 91 9 88 18 24 30 88 76 13 9 14 17 85 73 86 94 89 
35 49 23 79 62 33 77 46 1 56 50 14 21 15 80 44 46 9 46 32 24 96 48 67 19 76 44 60 27 83 17 55 81 25 11 56 5 53 20 83 94 40 11 31 60 89 72 63 81 3 31 44 49 64 65 70 87 53 55 79 2 37 83 80 12 20 66 48 29 2 7 10 0 76 81 38 30 25 44 19 27 61 7 18 70 38 85 3 99 26 70 73 45 91 88 4 51 49 35 76 92 35 49 99 58 75 51 18 12 46 49 13 16 79 56 42 58 96 12 21 51 82 50 93 84 45 27 62 33 50 35 71 40 25 82 23 27 79 4 45 45 25 47 82 48 72 53 42 32 22 64 90 75 25 77 21 95 35 54 11 97 56 45 78 70 66 82 18 94 13 66 65 29 23 58 
79 56 51 39 58 58 89 29 67 85 62 92 95 16 39 29 86 88 52 79 55 4 83 91 61 47 81 61 51 31 57 49 92 77 70 45 0 66 32 27 35 99 29 40 23 37 68 98 87 46 57 17 63 56 32 13 24 91 66 55 90 69 38 52 96 10 8 6 2 10 96 66 80 92 49 90 38 89 25 92 42 44 31 27 84 64 50 98 41 16 99 83 5 56 34 40 27 89 63 35 46 95 86 64 82 17 59 83 15 30 19 87 15 12 47 73 81 77 37 59 56 28 89 54 68 76 26 38 70 40 64 93 2 17 9 30 33 23 66 70 31 15 23 72 46 17 73 7 98 85 72 35 91 29 25 54 99 45 72 71 14 84 13 91 5 76 59 36 80 28 95 16 5 40 68 
38 67 41 90 85 22 63 41 26 56 42 36 68 6 19 21 2 28 31 86 53 61 85 74 30 64 18 4 15 3 45 58 51 32 5 18 66 6 97 5 8 83 67 14 59 49 39 55 30 25 96 76 23 48 36 84 58 76 57 81 96 41 34 94 27 87 46 93 52 26 69 26 25 97 69 55 24 46 81 81 53 67 71 33 7 55 74 83 18 32 35 68 86 28 66 79 1 32 71 87 85 84 13 64 40 34 69 6 36 58 34 65 26 92 23 7 7 54 68 67 38 64 89 35 59 3 61 17 66 84 64 50 11 8 17 56 15 70 4 92 43 51 39 53 23 14 27 40 1 58 1 77 54 40 74 39 67 6 73 54 23 73 97 37 56 62 99 78 27 67 66 42 45 70 16 
30 35 43 99 5 58 25 8 66 60 76 14 1 22 5 34 55 35 50 87 98 33 85 3 61 79 49 62 84 28 86 68 34 19 54 57 10 67 31 4 59 62 88 33 41 30 77 10 68 96 64 42 76 16 93 83 77 65 38 11 62 59 8 61 61 39 46 84 10 62 79 29 50 15 18 54 46 3 18 96 81 77 19 64 66 60 29 72 44 27 89 48 86 29 83 71 56 97 96 81 24 78 83 56 13 65 96 28 4 46 4 25 56 18 58 74 51 16 77 31 92 70 82 11 75 7 29 65 15 51 9 90 12 39 1 2 5 52 67 50 33 85 61 89 21 72 71 42 54 2 58 61 61 63 74 71 14 20 93 0 82 26 32 39 45 62 76 87 21 2 22 45 58 85 45 
28 71 77 39 49 72 12 31 14 6 39 73 82 61 22 67 92 37 48 9 78 91 85 51 92 29 18 86 43 74 53 2 30 58 65 91 12 9 10 87 4 77 71 56 29 80 83 97 25 9 38 92 81 44 49 57 62 56 0 51 19 60 10 19 33 81 71 52 29 71 75 28 55 87 94 9 88 31 18 37 56 56 37 34 73 45 43 20 74 80 28 8 37 28 13 58 10 49 16 14 87 58 46 3 89 45 94 68 18 56 90 57 63 95 67 42 96 70 36 52 54 64 68 24 49 62 31 14 37 13 24 79 47 15 90 27 21 86 96 46 3 95 10 12 19 17 40 51 46 35 67 30 87 34 45 14 74 3 26 8 72 92 23 62 37 12 68 83 87 42 38 89 22 50 25 
67 11 29 9 21 28 51 16 31 65 49 30 38 52 4 98 43 32 27 75 10 0 36 75 50 52 23 76 78 74 81 38 50 35 21 43 33 18 77 62 27 72 61 45 25 71 36 46 77 22 87 34 35 64 15 23 77 1 86 99 49 39 1 16 2 58 54 45 48 48 59 13 9 93 5 84 72 11 21 37 18 61 67 81 82 66 73 86 36 50 69 94 82 22 2 21 25 91 87 77 30 74 82 51 64 96 25 47 42 29 7 12 97 65 34 15 8 82 77 43 65 62 27 20 16 58 30 54 75 51 18 55 97 69 26 47 75 88 15 30 23 94 64 82 41 35 21 68 53 13 3 82 39 68 15 52 58 24 7 97 40 84 68 28 27 65 30 20 15 21 93 87 63 83 99 
7 21 31 59 18 71 17 6 90 69 64 62 62 73 43 16 58 34 42 47 84 83 27 30 16 61 98 98 69 40 19 49 13 90 15 76 72 60 56 80 94 65 84 11 71 60 15 41 3 65 79 87 16 74 27 48 5 81 74 46 85 53 23 21 74 78 45 18 92 66 15 65 4 53 16 92 19 83 36 12 18 25 97 57 53 43 72 33 8 67 97 50 58 2 76 54 38 93 75 78 46 16 97 30 57 0 34 58 68 29 11 90 31 26 42 93 51 99 57 18 63 88 69 58 14 81 90 75 40 65 59 5 22 14 5 8 68 46 99 35 28 43 57 81 50 0 79 56 94 38 67 59 81 91 71 72 57 10 14 79 60 70 86 82 45 18 18 86 6 3 63 17 80 26 41 
17 25 37 9 48 80 68 58 62 35 47 22 88 92 66 58 57 40 10 87 82 61 84 20 43 20 25 26 78 65 70 63 89 96 87 80 96 66 16 35 14 45 37 0 65 28 38 56 19 39 22 21 34 98 37 40 72 78 4 27 5 55 14 2 21 59 6 92 14 70 83 82 10 24 27 8 31 97 70 67 89 81 35 65 97 55 66 16 55 46 18 21 68 19 9 42 21 26 62 88 27 45 46 45 21 70 62 23 25 64 14 45 20 74 87 42 0 57 7 71 44 99 19 55 55 89 60 9 36 37 69 45 97 49 46 20 46 65 70 58 22 53 47 16 71 46 75 88 99 14 21 38 12 20 97 68 98 81 41 12 14 13 75 88 22 77 35 48 35 57 69 77 40 55 76 
75 16 95 31 9 87 31 83 69 7 30 43 82 81 31 49 7 79 92 58 37 34 63 3 37 6 16 47 66 73 53 48 28 42 34 45 66 26 39 46 28 57 24 22 82 18 41 51 51 29 69 52 56 78 14 19 7 73 89 46 73 95 33 60 48 57 39 98 75 41 74 74 39 45 80 99 62 83 32 90 52 15 26 69 83 67 88 16 39 66 86 5 30 52 37 35 21 57 30 88 47 35 56 40 80 0 52 81 39 41 28 81 31 4 69 51 58 79 7 20 96 98 89 41 44 20 84 22 3 79 3 66 43 38 89 13 99 50 38 44 69 20 70 74 49 73 82 69 76 49 41 13 7 37 15 4 56 64 89 90 39 13 47 61 70 97 56 90 17 90 73 84 2 3 46 
