48020 27818
500 44
720 54
980 120
1280 158
1620 213
2000 241
2420 329
2880 412
3380 544
3920 660
4500 840
5120 994
5780 1146
6480 1395
7220 1586
8000 1915
8820 2138
9680 2561
10580 2830
11520 3197
12500 3641
13520 4236
14580 5098
15680 5111
16820 5664
18000 6295
19220 7096
20480 7606
21780 8518
23120 9278
24500 10230
25920 10778
27380 11714
28880 12765
30420 13655
32000 14807
33620 15999
35280 17534
36980 18595
38720 19738
40500 21118
42320 23016
44180 24207
46080 26044
48020 28022
48020 27663
2000 281
2880 466
3920 672
5120 965
6480 1396
8000 1926
9680 2475
11520 3274
13520 4281
15680 5161
18000 6322
20480 7620
23120 9328
25920 10921
28880 13241
32000 14821
35280 17558
38720 19709
42320 22494
46080 26134
50000 29062
54080 33664
58320 37347
62720 49413
67280 46369
72000 50848
76880 56141
81920 62242
87120 73137
92480 73642
98000 80546
103680 88050
109520 95069
115520 103208
121680 111684
128000 121852
134480 139036
141120 147856
147920 155009
154880 160723
162000 173201
169280 191302
176720 198703
184320 214880
192080 237174
