2000 576
2880 632
3920 626
5120 623
6480 799
8000 884
9680 1060
11520 1179
13520 1182
15680 1416
18000 1553
20480 1763
23120 2430
25920 2289
28880 2573
32000 4336
35280 3389
38720 3777
42320 4247
46080 7367
50000 8285
54080 8235
58320 10267
62720 7333
67280 10707
72000 18202
76880 10916
81920 11430
87120 12033
92480 12622
98000 14101
103680 23853
109520 17825
115520 27778
121680 19919
128000 20549
134480 28198
141120 36661
147920 36177
154880 27764
162000 29288
169280 36018
176720 33502
184320 36002
192080 53206
