84 0 98 46 69 26 96 91 79 92 82 50 83 72 15 1 67 29 55 24 70 11 87 58 36 77 75 44 63 32 83 99 20 14 83 85 70 62 2 57 
19 14 96 83 25 43 5 82 32 77 20 29 34 79 32 29 63 63 0 19 86 79 87 84 70 87 82 34 91 59 76 85 1 12 27 98 57 69 46 89 
74 36 83 52 57 71 98 61 1 72 30 19 36 73 69 96 63 67 86 79 8 61 94 23 97 19 25 41 39 62 60 18 52 23 20 48 28 22 66 6 
36 77 87 44 53 47 95 57 65 18 34 39 91 22 18 30 55 96 49 49 32 84 14 19 56 93 62 73 28 33 76 81 78 43 49 18 97 48 22 4 
86 75 74 48 7 87 51 70 96 61 10 92 90 1 23 18 45 39 15 52 35 29 61 88 46 43 82 31 15 98 61 70 31 57 14 63 70 17 23 90 
36 50 33 41 20 23 94 11 4 19 8 53 64 10 31 81 80 39 86 84 35 49 16 15 66 44 29 44 11 15 58 93 4 33 64 87 46 59 4 83 
38 78 19 42 16 45 53 20 43 69 92 43 11 48 50 88 28 33 46 93 45 17 19 99 25 50 60 34 73 30 44 70 17 61 51 69 77 32 30 72 
43 35 28 16 2 46 80 84 73 21 11 37 75 63 3 92 99 37 68 71 24 3 14 76 97 2 22 77 21 67 49 77 34 31 5 64 68 6 95 73 
39 82 99 88 64 42 60 44 81 72 36 7 37 89 68 68 2 32 33 79 90 3 30 47 84 2 50 57 52 27 40 14 38 61 82 78 70 17 69 6 
39 43 48 93 27 2 0 47 29 42 27 72 63 34 64 25 91 79 9 90 12 4 33 67 35 78 20 59 79 67 41 79 44 22 34 36 51 76 8 53 
55 91 26 84 0 30 47 37 48 86 63 25 28 0 15 49 0 10 41 41 16 95 80 45 60 45 72 66 85 28 71 9 23 61 98 17 33 26 69 99 
50 27 37 9 46 38 75 73 95 98 21 66 30 62 43 7 86 47 49 11 80 88 3 36 34 74 75 50 77 92 65 45 87 27 70 44 25 37 50 95 
88 5 83 91 97 65 10 15 90 29 99 13 1 33 25 90 6 56 68 65 16 41 36 60 93 4 63 37 99 65 75 59 79 45 37 20 5 86 3 13 
59 41 92 44 4 71 15 5 13 14 27 77 18 14 55 48 24 70 66 69 17 49 24 43 85 31 71 24 35 7 1 59 19 6 93 28 58 4 17 42 
56 26 87 24 32 88 27 77 28 0 79 1 52 77 12 63 58 18 99 54 58 59 19 73 53 0 96 36 76 87 42 76 35 39 66 6 91 20 12 78 
62 49 10 99 99 93 83 0 32 80 92 18 27 86 99 91 77 21 70 75 71 23 80 34 36 64 1 83 1 96 95 20 40 91 43 88 1 38 37 79 
31 91 89 22 70 62 45 22 53 44 69 36 82 24 65 31 12 42 8 91 24 81 43 1 3 9 40 63 30 34 46 96 64 4 24 54 76 0 8 72 
21 47 40 16 97 92 0 2 82 62 88 26 66 24 65 97 59 74 0 5 61 77 79 33 65 69 3 43 70 59 37 21 0 21 89 8 46 4 89 98 
2 85 31 78 79 21 88 61 74 48 38 92 54 56 95 5 54 0 65 69 49 57 79 2 50 76 31 76 46 13 8 21 29 65 98 62 43 89 81 13 
51 5 91 64 32 59 63 59 5 19 63 78 76 53 8 83 29 17 32 63 88 55 12 57 66 79 14 78 63 86 46 67 98 43 65 53 45 80 54 60 
40 23 26 60 12 31 22 34 85 41 99 80 34 24 24 83 33 19 61 94 47 92 48 25 23 31 43 77 57 65 13 80 74 39 66 95 13 58 30 97 
72 8 38 50 27 44 39 77 73 80 44 6 62 69 3 11 73 39 1 42 75 98 50 79 40 14 98 31 87 69 5 67 45 17 36 71 21 89 48 84 
76 24 88 5 53 19 67 94 92 48 79 88 65 53 18 60 19 33 8 2 14 36 28 11 56 67 82 29 68 20 66 90 35 77 56 3 65 18 61 26 
71 30 50 62 61 93 18 21 10 2 97 33 34 14 61 82 75 70 73 72 28 32 36 65 60 26 22 63 64 74 19 8 23 20 67 74 37 0 14 93 
15 0 36 70 50 45 23 41 19 84 10 49 27 33 36 51 65 84 88 89 33 55 48 72 69 46 4 53 54 54 45 67 89 64 51 77 24 79 77 13 
20 85 51 70 96 61 33 43 64 57 16 34 74 50 10 18 46 52 61 16 40 99 7 83 44 7 47 70 56 52 22 73 75 38 58 48 35 48 8 75 
89 22 81 81 20 67 14 63 91 14 28 84 54 16 3 79 43 18 81 62 65 87 0 70 36 92 32 32 39 95 48 91 27 18 52 32 85 91 40 70 
96 1 44 15 56 84 58 7 55 66 3 22 16 11 45 1 86 10 5 25 68 95 91 71 75 65 8 56 82 61 59 83 96 8 86 6 64 28 39 66 
7 15 64 62 18 62 15 44 80 19 90 19 53 55 40 55 43 19 4 19 43 13 69 3 50 50 66 0 18 46 96 74 33 6 85 58 86 27 90 46 
14 80 94 57 72 7 30 18 99 72 46 0 64 46 62 43 35 32 8 20 32 65 65 70 5 80 38 2 76 7 82 61 48 54 49 88 98 40 26 53 
65 9 64 35 60 86 23 29 79 80 76 45 41 90 7 56 98 9 77 21 44 28 0 38 50 98 91 61 43 57 49 55 62 63 54 70 63 44 26 67 
45 57 56 38 32 14 29 59 10 28 78 29 67 20 14 90 85 48 97 54 4 58 52 23 97 4 16 85 89 85 10 12 16 75 46 42 63 16 98 83 
38 59 42 70 30 9 29 26 17 22 81 96 46 36 4 34 55 51 96 26 41 76 64 58 25 34 68 61 26 51 11 73 72 9 30 27 45 17 56 82 
93 37 96 85 33 79 3 1 64 12 98 8 43 21 24 50 0 26 62 67 3 45 78 1 63 30 30 46 33 85 67 47 96 81 58 5 62 16 96 19 
92 95 38 40 2 85 60 70 34 58 32 75 38 11 35 93 80 96 84 33 60 51 74 69 99 1 96 24 54 67 95 50 28 60 37 74 26 15 75 45 
22 95 2 89 76 89 22 61 68 51 64 4 5 13 95 30 0 75 50 20 85 21 8 42 97 47 42 1 24 59 10 1 46 52 75 14 58 17 90 64 
80 19 10 16 1 13 37 92 29 51 50 51 40 85 5 28 2 45 19 16 62 65 15 42 35 81 89 25 46 67 68 79 18 2 9 35 14 12 56 44 
5 5 68 11 28 58 46 16 53 33 12 64 62 45 91 56 80 92 24 95 79 24 36 56 44 94 18 47 34 63 12 98 13 59 68 32 21 21 1 53 
97 34 3 41 11 55 40 51 99 65 96 4 27 80 42 88 79 10 80 48 15 34 97 15 63 6 44 10 57 37 38 59 65 39 11 10 29 83 43 64 
32 67 15 12 33 51 33 99 67 20 95 96 21 79 38 62 63 48 64 94 79 86 92 49 25 62 90 66 52 77 50 96 38 93 37 12 67 69 40 99 
