43 67 23 4 65 36 4 7 58 29 0 94 54 63 50 22 77 15 12 27 44 59 60 70 81 48 47 46 58 63 96 10 76 73 85 59 26 72 94 82 25 48 21 19 17 6 51 51 4 12 97 43 96 35 59 44 12 39 7 0 80 50 33 59 14 24 96 61 78 46 19 54 24 1 2 97 65 81 59 69 86 47 53 41 11 90 34 46 11 77 82 24 44 46 1 67 46 93 91 48 14 12 59 56 70 71 87 59 71 83 22 5 91 17 78 44 6 48 64 74 
63 50 45 37 49 10 55 20 9 32 34 50 19 51 29 96 3 84 37 51 83 41 12 81 72 56 59 75 46 68 23 17 45 13 87 76 9 28 1 97 20 14 32 25 80 37 55 61 87 22 75 59 66 67 25 66 67 42 85 62 8 92 21 48 51 49 65 81 43 46 90 40 50 66 1 43 63 94 78 82 96 16 2 31 26 7 15 92 1 23 53 27 33 75 92 36 75 86 30 77 92 62 67 67 27 62 37 47 61 37 91 14 94 44 6 92 69 13 49 62 
91 2 40 34 62 91 87 28 52 33 74 66 83 74 22 75 38 85 68 9 8 62 15 92 85 48 50 12 88 62 74 97 96 0 70 24 7 13 80 75 28 44 70 95 4 60 52 48 85 72 9 13 29 97 6 98 40 20 98 8 65 49 86 92 40 82 34 47 1 93 71 49 50 32 21 97 52 52 82 37 41 48 74 7 5 44 40 83 42 21 25 25 34 4 32 49 3 62 84 5 53 6 55 26 55 87 37 98 92 99 92 48 6 34 22 23 94 26 67 35 
28 40 24 37 35 28 50 47 12 1 6 39 85 62 11 27 70 61 7 57 67 83 61 61 99 74 28 62 67 15 75 65 83 64 34 0 98 30 85 69 10 11 0 70 83 57 30 76 55 77 75 45 95 52 86 40 81 81 49 54 77 7 10 57 43 51 70 64 13 44 32 30 32 25 68 9 8 27 74 6 54 59 42 28 16 73 6 27 9 44 91 37 80 48 89 97 34 7 30 90 82 90 45 58 53 54 48 33 30 85 71 2 3 73 79 43 12 3 61 82 
87 23 64 16 74 54 37 46 5 93 97 40 28 55 89 3 75 83 73 0 35 41 73 7 99 35 7 24 48 67 60 85 98 31 73 69 72 14 79 81 56 28 24 85 37 48 99 2 86 95 78 45 38 18 64 0 97 99 37 72 72 55 85 12 76 24 99 79 63 25 44 7 25 11 54 93 26 23 59 30 15 21 81 95 55 87 35 83 14 86 29 88 50 43 58 45 86 44 26 68 89 21 68 99 70 76 15 23 69 44 59 7 11 63 14 33 17 38 2 64 
12 82 61 83 47 74 48 67 88 84 51 38 79 96 82 32 16 43 45 47 45 92 17 99 59 71 16 9 49 83 15 31 35 89 40 51 17 82 8 50 72 34 87 16 75 18 31 29 67 71 90 84 39 39 26 57 80 19 30 31 69 2 70 87 38 37 53 94 46 80 57 38 81 97 61 11 0 32 3 85 78 0 22 43 99 94 57 72 87 77 33 43 38 69 79 19 8 33 20 87 51 4 58 31 17 49 94 49 95 34 5 72 74 30 53 81 75 89 75 65 
15 61 93 14 77 79 13 77 83 97 93 9 31 25 84 86 3 83 47 80 12 32 74 35 3 76 68 70 3 53 59 53 64 8 63 60 49 29 0 92 5 68 30 59 86 92 59 76 91 18 63 43 81 47 91 69 84 72 3 71 72 32 95 43 98 45 90 78 82 47 98 25 69 28 7 58 38 23 46 9 57 44 93 87 22 1 60 26 90 64 71 95 61 7 12 49 32 54 71 89 1 75 66 15 55 66 81 16 35 40 40 26 46 83 19 99 11 67 98 2 
66 19 53 67 2 94 93 95 73 99 88 47 79 30 71 44 43 65 42 95 88 64 89 42 39 81 91 93 8 95 8 41 83 52 23 75 89 36 43 97 82 6 90 69 81 96 7 14 65 5 0 12 0 25 69 61 65 17 1 3 36 92 60 6 56 65 31 89 65 12 11 76 36 19 0 93 90 64 76 27 43 45 67 25 35 24 54 38 21 18 82 61 51 2 70 85 42 97 58 16 86 60 17 61 0 81 73 39 26 55 67 53 57 54 98 19 9 0 45 14 
1 24 82 74 29 10 35 44 70 55 87 55 39 88 70 58 83 22 59 96 91 67 91 35 1 22 96 67 73 23 43 26 46 89 73 68 56 66 52 14 21 29 92 2 7 71 65 11 25 66 83 52 10 30 26 27 71 64 70 83 44 40 71 31 92 47 62 15 91 12 6 44 59 96 58 20 46 97 43 79 24 4 60 67 66 23 81 81 1 48 47 47 31 98 73 66 31 15 93 43 64 39 17 89 46 41 22 10 1 70 9 94 17 85 78 37 25 75 59 37 
30 57 42 52 67 42 58 76 73 73 17 87 62 41 2 51 74 99 90 23 84 60 8 98 72 59 88 42 90 48 47 64 59 51 60 90 21 60 56 1 93 17 45 79 79 6 2 19 18 58 33 76 47 55 1 55 69 89 94 78 31 10 23 4 33 69 42 60 50 91 68 18 34 20 85 91 21 11 77 6 89 2 55 43 10 94 28 3 45 20 50 12 33 35 4 52 98 11 33 64 91 38 29 87 48 43 83 96 69 62 78 71 9 71 11 57 26 14 90 7 
45 71 37 18 32 10 53 59 45 43 95 60 57 29 0 4 99 74 64 43 88 88 64 40 65 53 28 71 0 79 82 5 86 47 14 19 48 30 88 12 4 42 21 7 53 54 23 13 82 54 54 53 94 35 70 98 68 78 12 22 87 32 3 61 66 9 33 20 78 8 49 10 47 62 73 81 42 3 10 11 35 36 36 6 67 94 31 32 4 90 84 14 7 60 61 57 26 31 77 57 81 27 59 52 87 1 47 60 53 4 58 47 47 58 38 38 66 46 66 92 
67 34 50 43 84 39 96 51 66 54 39 81 92 59 0 56 14 17 72 43 47 74 1 85 72 2 9 89 40 40 56 35 8 98 17 31 50 30 12 56 86 36 67 67 77 8 87 92 59 44 24 67 71 67 83 40 28 42 19 11 92 38 45 0 11 33 6 26 89 62 3 49 36 59 27 87 80 6 55 71 82 40 25 50 95 74 32 68 61 97 29 78 29 9 62 20 97 88 18 78 3 92 47 25 6 35 35 83 23 56 36 99 18 33 69 8 25 28 47 51 
44 57 24 81 50 50 50 43 16 0 5 37 31 62 57 26 91 96 72 86 44 89 93 62 75 82 98 19 32 24 13 27 0 63 74 42 10 50 76 56 62 59 0 0 75 8 80 50 9 83 27 36 17 59 22 83 24 45 57 71 66 28 7 30 12 12 8 47 13 45 58 69 50 85 25 15 86 50 64 23 25 68 28 3 4 70 83 68 14 46 96 83 7 43 60 16 59 22 93 34 56 16 24 15 60 18 57 64 26 43 75 46 26 30 79 43 60 8 55 1 
83 33 47 35 39 57 18 58 19 0 82 32 31 42 38 56 29 52 81 32 0 81 55 90 73 60 64 56 85 24 78 85 7 60 62 82 33 98 87 36 6 5 1 58 54 58 89 77 36 68 16 38 84 41 88 74 5 5 55 99 0 37 65 65 37 7 63 69 38 91 26 60 61 61 37 55 7 69 59 14 46 12 86 73 80 42 91 90 18 59 1 61 9 21 83 8 3 87 96 74 85 82 96 78 32 10 11 62 31 13 79 5 17 67 53 75 24 79 66 95 
35 42 14 71 63 47 54 45 74 13 13 71 76 94 38 15 49 66 35 83 36 24 21 57 9 9 19 6 52 17 37 95 70 94 99 92 14 54 27 45 10 66 15 51 1 31 63 11 76 78 98 28 20 83 38 89 68 40 35 97 71 73 80 43 7 21 80 36 98 72 18 75 2 36 81 90 96 2 76 21 89 25 56 74 95 36 33 70 85 54 27 83 31 9 17 45 85 32 37 88 81 51 44 67 30 85 20 88 58 78 60 33 94 56 69 81 79 25 7 38 
75 48 57 6 25 46 83 32 60 52 45 67 40 18 19 51 17 11 46 52 11 24 76 35 90 30 42 30 85 70 86 28 72 39 66 4 71 86 0 14 79 62 11 53 16 87 6 27 23 62 72 83 60 4 24 36 51 99 70 68 10 8 53 85 11 64 29 37 3 79 20 86 70 4 8 53 31 32 37 90 9 81 87 19 88 14 55 52 79 35 74 15 31 18 73 73 47 19 71 4 6 83 64 96 51 67 34 85 44 79 47 15 98 85 41 9 15 24 43 26 
81 26 28 98 72 92 60 37 48 72 56 50 42 59 72 41 62 46 79 39 88 43 44 32 82 58 32 60 62 94 48 96 85 22 60 22 23 99 80 49 24 69 57 4 69 70 20 3 11 54 95 5 67 57 47 44 34 48 75 80 92 51 31 60 2 27 38 5 81 15 10 85 18 40 86 77 98 11 77 72 49 0 16 12 7 69 76 66 80 36 99 73 2 63 35 63 50 8 54 0 35 95 45 64 77 40 69 42 44 4 42 61 87 41 72 77 35 97 25 59 
24 81 17 15 37 25 35 41 18 31 35 39 13 70 18 24 71 24 24 64 33 30 72 51 47 67 16 13 96 71 6 22 17 26 41 3 88 50 8 33 49 94 69 20 59 85 19 93 40 10 95 29 41 2 14 16 11 55 93 64 97 99 90 77 35 73 77 82 91 38 40 19 98 21 81 93 12 98 92 77 9 72 5 39 53 77 80 54 42 80 92 81 60 74 18 94 64 23 18 70 33 4 37 43 52 96 3 20 49 12 47 14 64 72 68 95 25 98 21 73 
14 7 38 59 91 77 26 18 9 86 98 61 23 14 23 50 53 60 36 22 36 83 48 65 82 71 89 15 40 45 90 21 72 76 44 12 5 58 42 81 23 86 89 65 78 30 53 84 53 57 71 56 92 5 34 43 67 2 64 90 78 90 67 38 81 97 83 66 85 76 74 31 59 95 27 51 54 68 70 61 47 56 44 20 55 89 7 72 0 13 91 76 64 67 38 95 38 57 87 1 40 16 50 1 23 44 84 78 94 47 96 70 78 55 64 16 31 39 7 79 
50 76 53 31 47 75 26 33 96 82 45 54 71 72 26 34 96 97 32 64 78 47 15 32 55 48 93 77 2 17 13 9 54 5 57 5 35 78 47 71 58 64 71 39 33 11 24 25 14 1 46 84 39 83 32 30 67 5 54 50 54 67 39 7 12 24 45 27 73 20 62 47 65 67 76 37 72 24 62 69 40 89 23 67 41 46 5 4 93 35 28 98 68 99 46 12 2 77 13 37 25 95 37 0 72 98 48 60 40 14 63 49 34 90 98 57 88 68 53 27 
61 18 48 5 4 95 4 34 74 43 63 62 30 96 37 40 88 91 78 43 79 57 21 48 77 24 0 79 4 33 16 78 50 71 22 63 59 7 41 27 73 43 82 66 86 75 44 89 94 53 24 7 82 30 1 58 49 56 92 19 91 19 80 38 97 36 61 96 18 91 44 16 64 91 72 6 72 0 83 62 1 15 87 10 38 74 2 13 1 99 20 34 28 61 58 18 1 71 87 13 73 70 74 90 50 97 64 8 18 89 44 24 43 33 16 22 34 26 91 3 
29 62 68 79 43 63 24 80 88 39 88 75 21 0 38 65 91 48 36 70 21 99 41 95 54 27 54 87 66 8 12 38 94 55 62 0 73 41 26 28 83 38 89 69 58 53 63 13 52 77 15 7 10 31 63 48 89 45 7 25 65 71 87 10 93 29 19 0 83 69 61 98 89 2 42 11 45 90 94 40 46 52 30 0 28 16 68 21 83 31 21 63 75 62 15 35 5 98 33 15 90 67 69 45 81 93 39 91 88 25 26 63 95 18 13 20 0 21 53 62 
12 9 8 14 82 53 92 46 33 81 28 23 82 72 72 35 54 24 13 62 4 63 9 89 19 38 51 22 97 35 57 48 45 89 66 88 56 68 69 25 72 26 25 8 90 58 16 91 5 70 16 90 78 65 84 57 52 38 22 34 38 93 99 12 19 93 11 46 43 6 54 75 14 57 97 1 52 33 34 56 43 49 57 19 74 18 18 72 37 26 20 54 14 39 13 1 69 16 15 2 85 59 57 17 35 53 86 72 66 70 96 17 24 59 27 11 73 71 40 73 
28 46 43 13 11 58 19 22 22 47 29 53 21 49 90 97 84 74 51 32 75 33 80 43 15 35 53 8 46 66 96 90 48 79 75 75 45 60 98 79 85 90 60 91 36 32 41 29 70 18 72 11 23 50 21 53 67 16 38 83 48 12 29 2 37 54 97 51 56 89 56 59 72 98 54 69 57 96 16 84 86 71 61 91 92 2 28 26 18 63 14 20 24 76 15 45 96 14 37 74 56 93 89 65 67 65 19 61 40 99 65 76 49 95 29 71 58 95 23 25 
61 21 99 85 67 31 90 59 35 79 78 97 64 76 3 48 61 76 44 43 32 11 37 50 27 95 22 87 45 97 5 4 40 64 81 85 32 43 45 75 13 27 19 74 67 0 76 21 35 70 45 87 50 58 72 87 54 31 43 82 37 93 73 46 87 21 34 75 23 26 85 35 39 28 37 50 56 44 10 81 0 99 47 29 58 86 58 64 38 47 12 17 61 72 8 68 19 22 94 52 94 63 72 95 51 12 11 91 41 89 32 82 4 6 60 50 59 1 56 37 
27 26 24 69 19 7 27 44 13 15 99 64 55 27 88 60 91 26 45 72 36 55 45 52 10 9 80 18 24 18 59 33 78 87 39 27 90 24 11 64 99 79 16 18 77 40 62 16 71 53 94 16 21 91 71 77 67 67 86 79 68 61 0 22 92 11 58 36 13 62 38 8 48 6 85 3 99 53 60 36 51 58 65 98 98 1 48 73 42 47 69 82 59 85 65 77 15 23 67 83 35 29 86 77 18 60 51 37 64 69 4 69 20 25 55 48 55 77 77 33 
84 78 8 25 71 33 9 99 1 20 56 97 26 28 34 94 54 27 99 19 19 2 35 36 94 77 40 12 91 56 81 90 10 93 7 3 17 38 4 62 23 68 76 3 86 32 14 50 1 34 5 31 17 2 63 50 52 37 92 93 11 46 29 2 69 61 66 23 62 69 45 34 8 73 94 82 34 19 11 75 79 42 79 68 21 20 70 59 55 29 39 90 32 23 96 44 81 49 29 91 55 72 13 74 50 62 96 36 71 20 68 41 64 51 56 1 47 73 6 46 
54 31 88 55 56 83 35 85 69 88 34 20 1 45 20 48 21 47 56 58 23 33 35 84 50 21 79 84 77 61 13 0 35 97 6 26 9 66 86 17 99 53 1 51 43 93 82 50 66 38 11 37 12 70 98 27 14 75 20 99 53 33 39 57 41 47 2 27 62 58 8 48 92 58 48 39 26 35 52 71 8 26 17 51 80 81 81 88 87 39 82 7 81 94 86 99 39 2 72 64 41 37 50 60 34 30 90 3 33 48 2 18 10 51 44 89 18 11 12 71 
13 73 24 56 42 23 62 40 24 64 1 97 60 6 46 23 59 0 83 22 62 60 71 2 40 74 41 75 43 93 53 61 91 84 60 33 33 97 41 55 70 83 19 32 93 27 24 60 68 50 41 53 13 43 95 46 99 98 64 64 74 51 19 1 73 31 54 79 57 51 36 2 53 59 42 23 95 75 69 11 4 74 83 45 81 7 44 64 57 9 28 6 97 96 88 16 17 9 85 4 93 0 46 59 8 62 73 83 97 49 54 46 83 47 98 67 24 51 88 85 
97 57 90 98 22 7 38 92 86 90 86 9 88 89 19 63 13 9 87 97 13 66 83 76 36 52 87 60 79 97 30 98 77 69 57 92 13 22 9 32 45 34 19 84 76 20 48 78 94 76 8 66 30 42 11 92 44 98 9 86 60 86 55 88 93 87 9 1 44 21 10 30 1 68 7 46 59 79 58 64 9 78 94 88 82 95 25 51 18 70 41 76 1 27 70 66 31 5 80 26 47 76 44 73 53 56 24 56 83 7 64 93 48 59 85 79 36 89 92 36 
94 3 5 99 5 21 72 24 51 28 7 97 32 31 8 78 32 67 20 8 0 32 67 27 42 58 43 58 11 93 92 23 76 66 29 87 70 85 5 68 49 69 17 2 40 8 19 96 75 57 49 11 47 25 98 73 53 54 76 67 23 46 94 20 2 52 77 53 92 87 57 87 73 17 63 54 87 43 91 34 62 1 39 24 50 24 54 22 62 80 11 78 68 3 97 24 10 82 99 49 8 71 42 17 29 70 5 85 62 63 64 95 36 75 37 3 30 6 42 24 
17 7 7 94 66 13 48 12 94 2 51 1 39 14 56 64 3 67 99 94 55 78 18 94 86 98 12 63 34 74 93 9 71 38 9 61 68 0 84 59 45 55 20 56 12 72 51 37 38 39 79 59 94 37 23 65 86 64 63 15 29 92 71 36 63 91 4 3 82 77 31 28 0 65 27 1 29 43 54 92 50 66 75 4 41 8 59 78 43 74 31 58 85 55 54 34 76 11 50 79 75 80 44 95 87 81 73 58 46 45 93 25 96 94 10 58 11 60 21 48 
52 1 76 84 46 60 29 46 10 33 18 99 74 53 98 45 79 57 72 74 12 53 61 48 57 50 56 3 68 40 49 34 38 21 73 59 90 63 79 20 92 68 83 81 13 0 37 39 6 10 95 67 33 31 51 29 98 58 26 19 33 41 70 56 82 68 37 20 10 55 80 51 65 72 77 87 23 50 39 85 14 51 10 39 89 35 19 90 47 19 70 1 91 81 56 78 85 10 16 75 52 52 62 22 43 26 55 76 64 41 9 57 46 3 14 56 87 49 51 85 
89 13 55 66 44 40 13 46 3 39 73 2 57 61 57 34 21 7 32 59 59 82 5 35 44 81 19 22 33 51 0 71 96 40 52 40 99 42 94 70 46 8 6 0 53 38 54 18 16 97 3 78 39 92 7 99 59 18 98 31 33 44 94 47 71 4 11 79 25 21 94 16 50 4 82 85 96 35 63 57 68 65 51 86 78 68 17 78 16 39 82 13 68 13 72 89 70 0 40 81 58 63 33 66 93 63 29 70 99 26 18 27 48 46 88 92 67 3 57 18 
4 55 85 38 45 77 12 99 84 42 65 10 52 94 17 68 57 10 11 50 95 31 66 6 82 91 90 29 94 13 51 35 7 61 73 18 45 18 65 23 84 25 71 30 24 12 98 28 29 20 20 47 87 63 41 20 1 18 38 33 10 34 84 80 81 59 19 49 64 70 32 17 3 91 50 34 92 78 52 20 48 35 98 90 14 45 13 14 79 53 27 35 85 75 27 83 51 22 29 10 80 99 23 23 14 13 16 73 77 68 1 96 5 6 28 65 73 68 44 79 
27 31 13 20 3 31 20 47 42 42 58 54 20 96 89 67 51 52 74 72 52 94 61 15 19 77 72 8 3 45 46 68 8 73 31 70 8 33 82 19 34 56 96 80 82 67 34 25 27 92 72 40 56 72 70 29 86 19 81 26 59 36 69 32 61 98 85 64 10 83 83 61 5 66 69 52 92 72 51 42 5 87 46 58 9 71 98 31 46 77 7 25 32 62 37 21 93 21 21 51 19 41 78 24 93 88 30 32 14 84 93 54 73 87 38 88 10 82 65 94 
33 80 4 80 72 66 84 79 3 49 8 23 39 28 24 78 86 38 32 4 52 28 89 6 9 92 4 39 10 68 78 84 55 83 46 59 6 87 4 62 17 33 98 53 99 30 99 77 3 17 17 45 49 91 84 8 29 2 64 12 56 43 59 71 67 19 23 88 50 17 39 36 43 49 36 48 39 88 26 55 91 46 59 51 17 99 99 12 23 46 16 64 22 99 79 36 34 91 0 50 77 37 42 55 87 6 93 42 21 10 48 67 55 43 44 0 2 81 76 6 
30 57 63 96 39 8 62 9 97 67 86 97 95 21 92 89 11 13 38 82 86 42 94 55 52 22 81 78 76 57 79 11 87 7 5 57 91 95 32 43 79 18 86 26 93 3 69 73 89 20 11 86 33 26 40 41 91 33 11 69 46 58 25 61 42 47 19 49 24 22 12 45 9 73 40 42 84 14 44 33 65 58 94 64 19 40 24 53 85 36 4 17 57 22 90 48 81 81 49 85 79 1 7 90 12 80 56 84 72 58 32 79 64 5 6 65 50 9 61 3 
52 19 5 14 14 68 64 26 32 15 20 47 82 74 9 81 23 68 12 6 64 70 5 50 74 31 24 97 67 25 59 27 17 13 71 22 60 13 38 0 2 57 84 74 60 43 1 42 35 17 12 84 67 6 16 17 70 38 85 39 13 87 46 57 56 72 31 42 81 51 9 3 19 13 15 94 41 48 10 29 0 65 85 92 10 78 38 40 48 81 21 94 48 69 53 28 38 51 64 58 78 53 39 38 38 96 35 89 86 38 46 52 29 85 9 66 28 92 99 87 
30 40 48 18 24 75 75 31 8 61 43 35 83 38 2 25 58 30 9 19 72 0 29 2 95 97 30 3 16 45 3 78 36 42 21 95 70 4 11 88 62 30 59 75 46 36 17 30 59 2 70 26 42 73 37 0 68 2 19 56 0 75 36 24 59 6 92 61 71 54 5 5 20 47 51 5 95 45 1 66 84 6 8 18 93 70 44 74 25 64 68 38 62 40 8 36 64 54 16 0 10 76 58 70 3 26 85 48 71 8 68 58 76 71 39 94 10 36 50 72 
57 80 81 54 97 41 72 27 73 42 46 9 98 36 25 43 97 2 1 20 1 90 78 92 3 2 41 80 39 93 60 42 26 3 43 39 69 96 38 90 68 54 1 64 65 28 93 87 57 66 84 36 70 78 77 40 6 74 11 81 88 13 35 13 83 76 27 78 56 37 77 39 6 75 91 95 75 29 41 61 79 22 1 5 87 66 10 26 93 9 71 41 19 93 29 72 97 1 30 68 77 52 56 59 98 34 95 54 93 27 89 38 27 48 23 8 10 48 99 81 
11 79 0 90 76 21 79 77 58 12 70 99 85 8 13 92 74 6 21 22 21 73 35 8 2 13 95 39 68 25 31 16 45 13 51 86 96 67 7 97 72 33 57 86 70 18 67 34 29 83 52 88 95 33 9 66 86 29 52 52 42 76 98 2 33 24 9 73 3 12 78 13 6 43 25 16 56 74 72 36 39 55 88 75 41 0 29 44 40 81 56 49 61 55 53 64 19 51 89 37 77 76 42 79 37 28 85 67 89 98 42 74 15 32 72 14 69 60 39 38 
64 88 68 35 63 48 89 18 59 54 91 72 56 79 10 31 69 74 82 11 86 31 64 44 63 27 31 17 55 18 19 74 77 17 30 88 36 73 8 78 72 62 75 73 63 46 39 93 63 19 48 34 23 8 50 55 76 55 51 89 46 21 46 88 77 78 30 44 88 34 52 38 89 53 82 3 79 63 63 44 9 76 7 88 34 31 38 74 29 80 42 61 85 9 21 74 58 61 32 11 42 4 18 63 98 24 95 96 51 70 81 44 74 38 4 96 30 79 64 6 
63 82 51 58 39 56 37 82 9 31 24 95 17 8 87 59 45 47 0 91 15 81 50 45 20 91 93 70 51 45 28 49 21 40 18 59 91 62 56 69 88 55 68 38 0 77 40 22 91 0 17 53 70 37 54 39 74 74 71 67 83 3 94 20 5 53 89 8 15 38 19 66 76 13 69 44 13 42 0 96 68 31 63 10 71 50 39 78 69 60 67 4 48 57 52 55 82 35 18 94 76 84 84 32 34 9 34 32 2 87 97 49 8 95 45 10 87 8 69 21 
36 4 66 29 38 23 52 73 9 20 5 29 81 73 91 28 49 56 4 89 60 66 68 7 17 86 23 72 4 53 14 21 62 42 52 27 53 79 75 83 62 56 11 88 88 9 9 15 92 14 47 3 46 35 65 44 54 28 6 52 46 5 82 76 98 79 63 91 23 76 98 47 6 29 75 25 20 65 37 25 85 65 82 36 14 58 45 74 18 19 84 52 48 82 49 7 85 29 74 37 92 35 19 5 28 95 45 63 67 64 75 1 75 9 40 13 67 93 38 36 
66 20 28 72 60 95 4 80 72 18 24 3 72 96 79 74 31 45 68 90 18 67 19 93 7 35 64 66 84 30 77 83 63 80 54 4 49 58 33 56 58 49 60 71 44 17 28 17 4 15 86 90 69 71 13 85 78 16 55 41 76 31 63 31 19 15 73 8 83 61 62 68 67 63 20 34 64 81 17 7 2 93 83 12 76 50 9 77 98 72 43 5 17 2 63 48 26 69 9 89 54 12 67 16 65 83 79 24 57 64 32 41 47 80 97 63 26 80 28 28 
16 1 68 61 17 90 77 71 88 85 45 61 97 21 66 26 2 68 70 17 83 57 19 47 32 38 51 81 34 43 35 20 33 61 96 84 23 44 14 83 8 79 49 83 10 11 9 63 5 69 29 18 29 9 95 28 28 76 75 49 92 68 74 96 95 8 30 64 26 14 87 23 7 51 34 12 28 98 15 19 64 89 47 94 54 58 60 79 80 5 74 34 29 50 47 9 31 96 51 91 88 36 16 51 72 98 63 46 45 16 87 46 62 76 33 93 44 50 10 31 
58 64 26 51 11 93 77 56 7 99 59 80 62 59 74 31 93 29 56 3 48 35 77 29 40 22 50 40 97 99 44 7 20 62 92 30 94 16 60 52 42 82 73 49 7 1 66 84 57 71 67 57 33 78 61 50 85 44 7 22 81 70 98 20 42 47 87 81 8 41 14 30 39 77 25 21 39 44 70 77 40 17 69 10 43 7 18 48 0 59 8 15 58 35 68 91 5 54 48 91 67 55 46 17 99 74 62 47 75 44 69 33 68 39 80 27 84 55 83 94 
21 5 72 39 12 20 83 80 87 94 42 42 72 77 13 1 81 56 21 18 50 74 82 46 22 35 21 77 35 51 4 34 44 53 9 22 48 11 50 3 73 77 26 73 37 27 37 42 84 28 99 51 10 47 93 17 13 23 68 61 17 31 99 20 22 23 3 83 25 74 69 75 60 10 0 65 81 92 99 95 82 64 1 70 55 70 82 60 6 37 46 94 70 78 5 50 37 97 15 18 76 35 42 1 22 77 88 41 25 13 46 16 22 56 87 85 24 80 49 7 
77 63 77 48 44 48 9 44 0 18 40 43 52 9 5 6 22 25 53 5 57 93 96 77 3 16 99 79 27 36 38 0 69 71 3 13 90 35 46 29 4 36 53 77 85 80 69 93 22 67 71 91 44 78 42 49 93 53 88 3 46 52 55 81 72 90 30 68 56 57 5 77 34 38 4 54 37 60 63 2 33 80 35 74 49 38 32 5 67 71 89 29 2 33 76 44 31 97 19 96 0 44 18 39 38 67 80 70 78 18 14 35 5 5 70 95 27 89 12 85 
2 91 39 39 61 76 86 58 16 43 35 73 85 22 63 46 72 62 73 64 86 95 95 81 25 15 74 10 1 25 39 28 9 32 63 65 42 51 48 20 90 58 22 75 95 20 10 56 77 13 57 42 22 43 59 66 31 2 21 41 91 99 17 92 67 80 33 0 42 87 34 49 72 43 69 78 46 98 39 65 14 59 77 52 6 18 14 63 72 48 90 81 35 43 31 84 0 33 61 75 13 82 42 24 92 80 48 23 58 41 17 31 14 10 20 28 1 16 87 32 
6 71 2 21 99 71 12 41 56 44 82 46 28 35 58 38 87 18 75 64 93 26 22 43 21 89 69 13 51 34 8 2 54 53 79 30 97 44 21 51 46 8 22 61 57 27 40 25 20 40 32 42 80 80 67 90 73 64 49 67 95 15 30 67 74 30 5 59 94 54 28 6 48 44 14 30 94 94 55 9 0 71 34 21 52 33 1 32 3 53 60 33 87 79 91 10 54 26 73 73 92 12 35 67 22 27 94 18 62 52 64 98 93 9 34 32 78 47 9 74 
25 13 4 46 33 5 68 43 90 8 52 2 68 20 29 98 42 31 3 13 8 54 91 45 12 99 60 84 34 57 65 8 26 19 48 57 72 62 60 15 56 69 83 83 90 48 26 95 22 29 56 4 67 92 3 93 43 10 66 95 64 83 71 9 80 2 54 99 54 67 14 81 91 47 71 16 31 15 92 20 27 15 84 42 90 82 88 6 81 68 30 45 11 20 29 62 93 85 72 19 34 84 15 79 85 70 92 81 28 6 17 5 61 34 95 45 36 44 55 98 
52 29 69 49 60 96 42 97 21 74 80 72 15 12 9 91 30 5 70 53 7 85 78 81 6 30 78 33 99 32 55 99 62 76 37 72 90 12 25 88 99 2 33 79 58 83 18 69 93 69 50 50 9 99 94 30 98 73 83 17 28 80 72 26 58 84 91 72 42 5 7 1 39 85 43 12 78 94 92 1 89 54 69 17 41 65 57 62 75 18 2 89 61 40 83 45 7 64 30 17 79 99 54 31 14 53 54 85 99 75 7 25 60 48 99 68 76 72 61 95 
26 20 17 62 34 96 89 16 57 68 40 95 2 82 78 42 61 5 26 3 90 15 98 90 61 28 88 23 36 84 58 74 33 18 7 26 42 34 9 96 49 59 3 14 41 18 80 91 53 64 92 6 20 53 90 7 68 8 80 72 78 94 94 25 11 82 47 43 97 50 58 67 15 80 90 4 85 54 17 91 28 54 86 35 4 95 48 41 1 42 28 10 39 61 72 99 58 43 37 72 39 63 84 83 24 53 17 44 74 33 42 86 78 56 43 60 48 62 73 36 
56 14 25 55 50 41 40 47 79 30 61 54 6 49 14 27 41 8 99 91 85 96 94 80 53 83 35 87 36 9 86 8 29 60 19 97 23 89 5 45 63 88 10 3 55 92 56 44 84 12 38 22 7 3 99 87 37 34 11 69 12 75 55 20 36 19 94 55 92 5 51 93 45 6 8 49 48 76 41 21 42 91 34 94 45 21 28 18 75 49 37 13 41 19 59 33 79 31 17 87 95 76 96 61 28 62 99 25 73 34 10 46 14 46 12 67 18 7 39 56 
75 0 59 63 76 34 36 47 40 12 12 51 89 10 62 91 23 42 39 83 43 77 15 63 0 21 68 38 16 64 84 77 44 78 87 39 91 37 70 88 31 95 94 34 29 90 39 64 75 21 12 31 66 86 84 78 27 28 57 26 52 86 53 97 84 65 17 51 24 30 29 87 7 26 12 9 19 25 66 11 46 68 31 98 58 0 10 58 17 58 53 63 11 75 96 47 75 60 5 35 62 52 37 3 26 74 95 2 13 37 22 16 32 71 23 45 12 90 39 19 
50 18 88 95 0 19 42 19 0 19 45 4 0 44 94 89 67 30 31 60 13 93 54 36 92 49 10 81 95 11 75 19 98 15 73 72 97 7 33 46 54 36 76 49 39 45 38 44 39 77 85 58 86 6 45 79 42 40 23 67 28 22 43 71 41 23 8 75 53 87 11 24 15 11 90 4 11 74 28 93 12 67 3 55 83 51 1 4 36 30 63 94 79 62 98 69 41 99 42 12 46 63 38 49 62 24 53 11 41 83 34 55 69 47 37 48 6 17 18 22 
11 13 19 37 98 65 17 31 75 23 87 83 83 18 7 20 51 69 38 31 27 64 20 0 0 82 53 50 97 21 70 3 55 63 48 85 94 88 44 89 84 97 74 14 86 66 54 52 55 19 46 41 69 86 63 40 5 54 41 67 38 67 75 76 63 12 94 90 78 15 18 80 95 66 62 21 38 28 46 3 44 75 5 52 84 14 36 57 59 78 35 2 46 94 77 12 29 91 31 8 92 74 0 51 75 94 78 73 60 85 66 8 73 30 58 31 46 11 72 52 
89 17 89 31 97 59 44 70 81 59 61 25 6 22 76 31 71 86 78 27 33 63 40 88 5 73 51 57 80 29 72 55 45 90 80 58 27 32 53 51 37 0 3 57 76 94 64 15 79 78 58 12 85 91 33 57 34 54 90 16 12 47 33 3 43 54 91 71 44 94 78 17 8 39 73 41 23 4 14 60 76 89 62 74 99 9 78 29 38 9 61 54 42 88 49 20 78 29 23 64 36 49 1 89 72 26 53 55 95 16 75 46 62 38 63 92 57 0 42 6 
47 78 41 21 37 49 6 36 11 32 24 58 49 15 61 15 59 87 10 11 67 5 32 88 14 23 59 9 16 17 40 67 7 22 86 41 3 92 97 71 15 63 72 48 90 88 66 51 20 31 92 55 5 52 93 8 49 98 38 80 89 58 60 6 5 0 83 30 92 12 53 43 35 27 49 14 77 3 17 12 97 79 25 80 91 88 41 95 17 35 46 62 0 21 47 93 79 21 88 24 52 84 98 11 28 42 85 58 37 66 19 16 33 44 98 21 88 57 12 63 
91 39 77 38 59 9 34 74 94 4 36 85 8 30 90 16 26 66 30 65 92 47 21 80 55 37 56 51 2 0 19 55 22 36 75 33 31 13 6 98 39 45 70 58 25 68 72 66 38 47 24 22 21 8 55 88 80 0 15 85 86 47 28 92 4 91 47 10 70 29 91 86 74 10 66 51 56 67 48 86 28 64 78 72 10 31 15 40 65 55 28 11 85 50 28 90 73 39 8 67 74 28 26 14 45 84 48 92 82 31 85 1 92 45 32 37 27 87 91 59 
68 92 70 21 94 43 21 70 8 91 96 18 66 65 41 74 24 36 71 49 88 62 31 88 76 72 85 96 95 40 87 40 69 53 82 90 11 85 7 35 98 41 11 83 71 48 25 76 18 79 84 39 61 5 95 83 85 18 69 94 33 65 23 33 79 98 60 50 99 48 96 86 69 73 68 13 59 86 34 54 3 48 54 79 18 10 4 8 89 93 27 49 55 86 5 81 12 75 57 65 43 27 57 69 11 91 16 25 58 33 50 85 82 11 73 16 91 73 3 10 
43 29 20 67 99 81 99 26 9 31 49 80 86 8 75 30 44 73 97 44 44 55 82 38 2 83 44 38 80 41 12 68 52 68 24 79 91 71 55 9 93 30 79 22 8 19 5 74 58 51 40 46 57 34 1 62 81 99 81 33 27 5 37 25 13 81 56 86 76 24 16 37 71 81 26 43 53 12 73 90 99 20 75 63 16 32 27 93 83 21 44 23 66 53 90 3 73 42 66 41 5 43 72 75 31 57 7 6 37 62 2 70 0 6 86 57 70 54 28 2 
22 14 67 29 76 21 87 28 22 95 80 29 99 51 19 72 50 47 16 43 10 86 44 53 66 44 61 71 28 68 35 2 67 61 48 19 73 21 49 92 15 45 54 14 26 33 6 13 8 8 33 65 60 60 4 58 51 49 27 12 91 30 79 78 38 34 62 87 81 96 4 93 63 77 97 79 12 78 45 8 64 93 9 63 67 84 56 12 6 64 39 46 89 41 16 12 14 1 27 75 8 91 34 96 35 57 21 27 62 81 5 27 46 43 79 55 46 13 39 31 
54 15 20 81 91 95 78 86 49 55 92 94 63 49 59 91 90 94 16 13 97 90 48 39 57 9 70 59 82 71 45 22 15 18 12 83 20 28 86 46 61 63 41 45 90 43 18 66 12 19 22 76 22 24 71 84 15 98 94 7 46 83 27 43 96 36 33 24 24 22 84 12 1 35 54 75 52 20 0 8 2 60 70 94 73 55 90 36 53 76 10 97 6 30 13 72 8 52 50 34 11 59 76 29 39 65 94 77 95 97 0 9 41 21 17 27 78 18 91 59 
10 50 59 25 22 0 13 23 4 46 80 17 59 8 56 24 0 10 24 69 12 2 41 47 73 8 82 78 70 97 22 37 59 9 79 2 8 70 78 4 50 75 20 14 43 87 75 3 98 83 82 60 89 82 1 54 96 17 92 18 98 91 65 37 89 96 86 44 27 19 75 80 12 11 28 23 20 30 95 16 65 78 74 46 90 4 81 51 43 80 88 63 35 92 45 95 53 70 25 75 97 38 34 62 74 88 6 26 95 86 7 18 99 93 34 72 66 30 14 87 
61 29 43 2 98 3 43 20 27 16 6 34 13 0 37 74 40 13 48 40 59 2 17 74 47 28 16 2 2 70 48 17 21 41 3 95 43 8 7 74 1 44 17 24 20 93 4 93 47 70 65 58 62 94 14 0 33 28 70 31 62 20 54 51 73 67 21 21 6 24 94 93 48 72 31 31 40 99 42 95 62 20 22 19 68 33 28 6 33 30 57 96 21 24 44 38 49 86 0 61 84 34 65 31 48 29 92 91 83 6 75 37 52 96 96 87 3 6 46 72 
78 99 87 13 36 17 7 63 60 96 42 39 61 76 97 32 20 11 56 65 91 87 27 52 64 79 39 7 61 2 9 37 22 17 84 82 89 86 55 72 31 78 76 99 11 3 46 51 73 44 85 59 95 73 64 81 58 21 68 88 15 16 89 87 64 43 20 58 2 4 81 76 39 73 22 14 94 61 53 24 17 40 37 34 75 65 58 70 23 23 5 68 48 74 68 56 53 43 25 11 88 11 8 53 52 71 15 90 99 28 66 32 44 9 0 92 79 81 30 54 
73 53 26 85 49 62 85 35 82 55 76 20 39 63 0 52 57 37 66 46 98 82 89 47 22 3 36 78 68 33 15 85 46 51 37 25 89 27 74 62 39 88 51 84 9 94 51 79 54 37 38 28 78 10 71 68 2 34 43 16 98 91 20 27 7 82 82 47 19 71 16 31 10 93 58 79 64 73 76 47 38 27 30 79 19 25 37 6 49 41 41 64 93 71 83 20 8 92 11 90 74 2 43 4 57 4 89 96 66 33 89 93 63 25 49 77 4 3 15 14 
13 15 34 11 74 25 68 84 44 17 7 40 35 33 93 24 11 10 90 19 97 42 41 33 20 5 1 70 87 76 83 96 62 66 25 31 79 43 61 79 25 62 2 67 92 72 70 58 71 26 79 49 52 63 80 57 16 44 49 95 62 37 14 89 17 18 79 21 60 61 2 60 68 98 12 54 16 95 65 60 0 59 65 7 84 43 50 95 42 27 81 76 24 93 9 75 12 68 32 5 37 86 14 56 18 90 5 78 7 91 0 61 33 26 87 27 48 49 92 75 
18 34 4 21 83 21 75 55 19 79 13 24 46 48 25 65 75 93 59 40 28 93 7 4 4 84 96 55 74 48 88 48 97 89 9 94 30 5 13 18 22 30 11 74 97 21 4 35 46 36 45 31 91 52 78 58 59 5 54 84 96 65 78 56 52 81 35 32 93 40 48 32 53 1 35 85 75 9 77 61 75 26 6 91 7 97 28 90 13 64 5 57 48 5 86 28 53 38 41 82 22 96 62 87 62 24 78 36 99 63 35 45 4 62 4 11 39 25 91 89 
53 91 19 72 91 43 41 12 9 6 92 78 88 54 96 59 3 27 57 77 5 50 67 80 75 54 56 94 65 33 45 70 55 83 12 62 59 83 77 51 2 99 31 69 11 75 33 16 57 26 12 72 47 81 45 70 68 3 12 56 53 99 3 23 53 18 39 12 49 60 37 59 61 26 97 89 80 71 76 57 11 12 15 81 33 45 66 97 17 27 95 64 26 80 58 82 13 68 41 35 91 55 21 85 96 5 32 30 87 99 78 12 43 24 49 23 33 27 41 60 
82 86 26 98 0 90 28 15 81 8 14 19 30 72 29 61 65 40 1 47 48 73 56 92 63 17 61 97 44 15 86 89 38 82 63 56 45 27 55 37 41 71 16 10 38 89 41 74 16 77 83 72 22 26 18 37 22 76 19 19 45 17 71 70 63 15 16 64 37 91 97 23 77 75 61 0 58 57 73 61 87 49 86 75 17 55 45 17 21 29 99 60 19 11 20 81 69 18 33 5 28 3 79 28 29 69 66 38 3 15 67 5 53 35 52 72 65 13 79 13 
75 44 87 70 62 40 70 81 11 35 73 60 97 65 5 30 4 10 49 29 5 5 3 13 83 35 2 15 21 51 96 71 3 67 95 74 12 35 20 26 52 46 13 52 5 42 84 50 97 43 27 65 90 23 46 8 90 97 40 44 23 79 48 30 84 5 97 90 66 93 98 38 82 24 37 77 8 89 78 39 41 77 46 99 95 52 50 38 87 64 73 54 69 23 24 10 43 39 32 31 73 74 31 32 96 25 3 91 80 54 48 10 10 63 94 90 93 60 24 28 
18 55 91 13 57 57 4 10 38 72 4 81 82 85 79 66 45 79 79 94 63 31 96 62 53 90 99 88 79 15 43 46 85 14 9 28 18 96 32 13 93 99 64 18 40 77 64 80 48 88 36 16 37 6 80 44 1 37 72 55 84 55 39 38 80 13 95 7 10 76 8 85 72 72 74 94 25 87 29 58 7 67 91 30 77 2 61 75 95 75 22 44 21 86 66 25 43 95 43 65 45 51 87 66 37 70 63 49 51 46 15 84 89 89 24 83 88 64 99 26 
1 86 24 99 4 94 97 41 40 89 23 61 31 90 83 92 81 10 35 9 79 84 81 84 2 26 14 88 40 86 24 64 32 17 47 8 6 41 51 29 74 55 58 49 55 31 53 52 49 31 51 23 65 11 43 36 12 24 78 80 94 99 74 8 57 3 12 42 71 87 67 88 79 35 63 13 52 73 17 88 12 91 77 32 39 93 45 77 22 69 96 8 21 71 97 15 55 2 90 68 48 88 98 72 44 77 34 86 65 35 14 53 68 23 53 41 34 1 50 25 
25 18 86 80 93 6 88 5 62 46 66 69 1 70 26 1 35 13 15 58 44 78 16 81 68 66 92 29 1 30 54 49 53 64 0 83 43 23 86 3 2 47 13 59 45 77 63 64 53 61 20 0 21 87 65 78 68 59 24 79 80 98 39 87 22 18 24 19 60 54 92 51 36 73 74 50 58 76 52 46 39 65 30 84 87 22 41 46 13 93 97 47 15 51 52 85 78 19 1 60 20 90 10 74 35 16 99 47 44 63 50 45 82 76 22 12 33 82 69 3 
5 24 45 76 32 86 81 72 57 56 75 82 71 8 87 35 83 94 94 94 34 5 35 89 78 35 16 92 41 32 77 52 50 12 52 84 69 95 77 47 71 63 69 21 85 4 24 84 39 66 66 76 60 33 3 70 30 29 93 23 66 13 95 89 44 53 10 13 61 63 20 22 82 26 4 21 89 32 97 99 16 11 17 58 69 33 91 44 12 94 18 39 41 68 85 67 65 36 4 52 14 96 32 62 39 23 54 49 45 48 69 73 24 75 94 81 49 75 83 77 
73 59 20 99 56 72 15 96 89 58 54 49 46 6 48 73 19 99 4 11 41 26 83 0 72 20 37 10 20 89 19 79 88 57 7 12 50 67 35 97 55 8 35 24 35 63 21 92 82 24 44 82 72 5 83 22 54 49 1 80 33 53 52 34 73 59 7 90 74 62 50 1 96 47 27 43 55 57 35 91 18 13 63 89 62 60 20 69 77 82 82 81 55 47 31 84 63 17 32 39 97 5 46 1 54 40 40 6 92 9 80 63 43 99 0 42 65 52 25 47 
99 30 31 68 64 85 39 36 3 31 33 79 50 30 10 32 47 90 3 85 25 72 70 46 99 30 82 61 93 67 70 39 74 67 11 77 39 97 0 66 57 0 27 94 90 82 9 70 54 69 74 34 7 60 72 49 22 83 17 28 16 82 14 4 46 22 34 99 81 67 92 20 32 8 31 17 10 43 42 93 33 7 63 56 33 44 39 38 76 77 19 48 69 71 85 41 7 41 77 65 77 1 18 60 35 62 85 9 89 25 54 4 64 68 92 46 93 65 60 94 
86 26 18 83 75 53 37 30 76 99 67 12 58 79 75 46 96 98 33 71 14 31 45 38 65 33 98 52 12 14 33 21 90 40 97 37 12 67 25 93 90 81 1 60 95 31 32 2 19 6 46 1 7 96 78 92 20 99 51 76 96 83 17 55 95 2 57 81 97 95 38 71 53 32 64 2 66 41 48 0 39 55 95 77 37 49 7 99 25 43 28 99 21 34 70 15 84 47 97 54 4 1 36 52 86 81 69 82 42 85 53 87 52 28 81 18 31 20 65 16 
21 19 33 63 12 19 21 72 2 78 9 64 3 0 3 43 65 59 71 30 12 16 79 73 29 88 95 8 4 28 67 52 0 7 1 56 17 4 0 72 45 50 34 75 48 17 37 15 99 55 22 95 75 17 59 33 30 64 97 58 74 87 31 60 49 84 43 62 66 44 87 40 56 10 58 47 35 28 26 9 39 60 26 76 57 77 25 31 54 43 95 6 46 63 39 84 17 10 87 13 33 3 76 65 85 62 60 70 59 32 67 16 62 37 42 65 8 87 56 86 
28 11 22 75 37 42 49 49 60 47 73 49 39 33 58 15 66 42 79 37 6 24 39 26 26 31 71 51 41 81 37 65 75 73 25 80 34 42 47 47 44 24 29 4 64 91 63 8 89 30 73 59 92 2 94 22 64 31 72 97 65 96 98 52 32 30 80 32 99 64 46 61 2 68 50 27 2 19 58 29 31 87 32 50 37 38 35 40 83 17 72 21 88 82 47 70 86 75 26 64 5 64 58 96 88 41 85 53 66 56 34 50 65 53 34 91 85 8 78 73 
11 31 23 48 15 2 18 52 12 24 85 28 48 46 95 81 4 20 46 35 18 17 85 18 22 51 75 62 33 16 85 59 24 89 92 68 14 39 70 32 38 47 86 95 38 49 32 28 39 70 68 45 60 54 28 88 60 12 17 93 45 68 0 96 80 68 49 15 29 47 31 90 9 61 15 65 12 74 59 81 91 84 88 88 16 34 90 8 65 25 73 66 21 94 92 36 90 69 27 58 91 83 5 21 16 25 97 69 16 87 32 58 27 37 88 68 88 79 30 55 
69 54 74 21 67 39 76 93 80 14 56 17 96 96 45 89 28 13 8 99 22 56 99 97 46 95 94 67 78 11 29 68 4 86 19 13 95 27 58 68 8 56 22 54 10 56 58 56 85 54 50 14 19 85 90 59 4 48 3 52 80 82 81 60 11 63 45 33 15 87 45 66 52 27 10 26 45 25 51 52 70 25 58 26 53 61 8 31 71 51 60 2 31 71 27 69 23 55 45 56 48 16 48 37 58 42 86 70 63 27 34 34 76 69 2 44 48 38 78 63 
58 22 44 66 47 0 22 67 41 40 53 88 73 9 52 52 14 14 58 78 66 37 80 63 38 75 74 47 59 8 63 23 73 31 34 30 42 29 22 68 15 90 1 96 72 40 31 88 49 60 41 67 73 2 57 33 70 88 72 10 95 28 58 1 36 2 42 18 78 93 35 69 53 1 63 0 0 99 63 87 42 13 69 19 63 59 93 4 34 69 53 26 4 18 36 73 98 63 35 79 58 13 47 82 92 91 11 8 50 37 14 83 44 36 17 3 72 81 85 30 
56 42 86 86 69 46 11 84 63 8 61 56 70 57 71 73 52 12 60 72 39 76 25 99 69 44 1 22 47 16 53 74 44 62 38 12 60 64 69 65 57 43 44 32 40 30 64 73 72 92 57 94 77 34 9 59 99 11 84 47 86 81 74 12 46 28 46 32 90 80 63 9 32 6 19 90 48 31 40 80 21 91 43 41 16 59 11 41 91 81 60 62 96 36 34 33 87 13 38 64 58 62 23 44 24 39 19 45 12 95 93 96 48 14 46 38 15 11 59 53 
39 40 58 79 67 45 86 0 50 27 70 57 35 38 68 19 81 8 13 78 49 51 3 86 50 63 62 95 17 43 71 24 15 1 55 78 47 59 44 22 87 5 23 26 42 31 50 12 98 79 61 35 76 1 65 46 86 92 25 33 51 25 0 98 90 80 40 4 29 6 65 83 19 86 98 31 57 84 29 15 18 74 48 13 26 92 34 88 73 51 58 18 5 24 48 92 13 24 6 41 29 54 43 90 3 52 47 97 62 48 58 17 79 75 24 90 21 78 83 14 
4 96 39 89 46 11 13 69 8 49 36 2 21 20 78 50 79 53 6 56 47 72 54 90 49 30 45 95 34 5 17 60 4 77 41 3 63 14 35 31 88 40 33 5 95 65 27 18 76 60 38 88 81 21 51 31 98 75 80 26 25 99 39 16 11 31 82 77 92 2 68 23 24 6 49 33 19 86 50 33 52 55 26 37 49 15 63 98 43 27 13 18 87 72 93 40 94 66 17 63 36 50 37 85 42 9 9 59 93 41 35 37 71 27 81 85 84 16 39 87 
76 90 20 20 94 90 16 56 63 12 36 13 64 21 36 62 0 66 34 9 18 57 17 58 39 84 61 66 81 57 32 43 79 56 56 92 72 41 7 48 71 5 75 40 69 26 88 74 60 71 27 31 18 14 32 97 91 57 81 14 29 13 70 91 84 32 29 40 31 83 47 7 99 31 51 34 40 54 8 57 36 88 73 6 35 64 22 66 8 56 45 69 53 26 84 56 25 66 1 44 11 40 25 75 52 15 84 24 3 0 56 1 84 50 86 75 83 59 82 90 
95 47 61 78 7 13 97 98 55 96 48 69 29 28 30 13 23 94 89 97 57 29 16 24 46 12 58 58 97 75 95 87 24 48 42 93 0 60 38 63 13 66 5 42 31 34 74 34 40 51 43 95 33 84 11 13 91 82 56 40 16 76 66 97 32 13 72 4 16 4 69 30 19 72 60 48 8 16 68 89 98 24 53 30 25 86 91 57 70 39 92 21 97 90 5 15 28 64 60 42 12 53 6 72 81 44 89 86 40 60 66 97 99 65 28 49 46 35 98 47 
81 30 49 39 87 17 1 75 81 82 59 34 96 11 30 81 18 59 49 54 8 49 30 98 46 55 19 99 97 84 4 41 78 50 72 99 1 11 31 42 43 58 77 14 98 47 42 32 43 70 12 16 79 40 80 90 57 47 6 76 91 69 22 78 95 2 23 88 33 39 31 2 8 65 87 86 68 39 31 44 93 92 27 34 12 85 35 46 80 75 32 54 34 44 45 32 33 34 56 71 73 13 7 94 42 97 73 68 55 48 12 13 91 63 91 14 96 18 94 6 
33 73 41 24 78 72 29 50 39 55 28 4 43 61 81 8 24 9 80 47 79 90 41 56 81 43 32 38 43 73 72 66 75 18 80 23 65 7 11 81 31 24 27 76 27 59 72 72 92 43 94 62 54 21 22 14 17 80 75 8 64 89 48 32 37 12 65 26 38 58 58 32 81 20 54 85 54 92 54 88 33 65 32 87 65 43 66 88 3 3 25 46 26 67 15 53 93 39 42 4 13 74 64 55 40 70 18 37 47 79 44 31 39 99 48 15 75 82 75 74 
77 46 64 59 53 92 81 14 58 68 59 14 0 18 22 65 38 67 67 75 64 75 25 91 46 49 6 27 53 14 61 94 41 52 98 43 40 33 92 11 31 6 76 7 0 90 34 41 9 32 54 9 25 88 69 74 5 93 29 93 45 0 34 58 18 22 53 66 68 48 16 48 33 43 37 86 8 84 74 4 16 49 20 8 8 66 11 11 91 36 98 9 50 26 22 39 84 22 49 82 81 64 90 39 0 58 12 2 51 28 42 31 29 72 1 71 0 23 54 56 
42 35 54 88 35 84 5 1 65 41 41 99 45 43 52 52 76 4 55 56 19 91 39 95 70 90 54 38 51 39 4 69 51 62 76 91 72 87 90 3 4 48 16 20 11 52 64 17 95 91 23 97 82 86 66 96 69 89 68 17 72 61 84 41 16 41 14 94 94 7 72 15 21 23 72 63 2 62 92 55 64 60 43 0 86 46 29 90 49 22 62 63 29 42 71 89 92 27 80 84 35 50 85 22 59 52 59 51 71 4 63 44 92 40 63 30 56 65 3 83 
30 79 55 16 49 35 28 19 99 17 7 3 94 76 25 35 20 1 53 78 21 36 55 22 60 3 91 47 0 90 20 90 86 4 31 95 87 24 96 19 96 74 44 26 88 51 55 78 56 67 95 54 42 6 7 22 16 85 67 85 84 43 83 44 16 96 38 83 12 85 14 76 26 5 27 78 91 62 9 45 95 8 56 97 66 79 91 1 40 55 85 67 73 36 10 22 21 32 40 77 50 94 47 97 56 12 76 31 56 67 59 47 76 31 20 36 12 53 45 79 
61 45 0 45 96 43 14 99 62 41 23 22 24 0 31 62 10 53 79 25 16 63 47 28 44 25 11 96 88 49 14 9 52 7 76 3 51 28 71 53 20 8 82 97 8 87 32 63 62 36 10 78 69 94 60 4 69 14 26 58 95 42 10 62 93 3 89 87 38 78 5 91 68 92 31 52 67 16 37 97 57 40 56 31 97 56 55 20 72 53 34 13 28 36 65 46 23 11 7 27 85 67 38 84 58 16 16 42 53 95 81 73 39 45 2 22 63 20 70 41 
70 46 73 26 81 8 64 13 91 25 31 86 28 55 26 61 64 50 85 58 60 68 46 24 23 1 49 78 36 81 53 62 84 15 21 66 80 4 7 71 32 39 72 39 84 49 6 29 42 19 77 14 67 34 59 37 22 93 26 12 59 73 73 30 61 0 5 69 5 37 24 95 37 91 76 88 95 78 62 74 53 0 83 67 49 77 98 7 27 27 43 89 11 85 67 71 76 40 75 32 83 42 33 59 90 49 69 32 60 84 24 51 20 36 23 30 57 5 11 68 
68 96 62 72 49 66 18 46 5 76 90 97 94 44 6 69 19 40 58 36 92 86 78 88 78 87 15 13 41 60 92 80 9 75 56 1 6 39 95 52 46 23 99 70 52 16 39 23 92 10 15 27 64 21 46 75 27 57 7 26 75 87 20 9 40 61 17 97 63 92 99 5 44 91 83 85 15 67 79 94 0 6 73 68 96 98 39 68 63 50 55 54 11 40 13 60 2 92 1 42 9 61 15 39 1 96 87 10 4 46 24 30 51 76 14 99 61 30 88 84 
3 27 29 76 1 53 71 78 52 45 79 84 81 32 48 59 77 59 89 50 55 16 67 27 99 59 51 81 67 99 89 61 88 8 22 82 22 4 12 33 42 87 45 0 25 91 57 24 95 1 65 1 39 45 42 71 9 23 28 43 75 56 53 6 43 67 74 34 59 58 77 20 10 35 42 40 94 55 33 57 34 97 7 83 65 41 79 13 62 57 95 86 14 43 84 16 32 82 90 26 40 47 17 8 69 16 80 72 16 73 17 92 81 21 41 92 49 82 4 87 
26 18 37 58 75 80 38 67 15 36 13 39 29 7 14 98 80 2 86 82 20 32 58 49 25 21 95 49 58 0 64 41 25 47 75 72 62 35 77 43 2 41 2 78 22 76 7 37 61 80 23 98 95 21 39 19 45 33 5 3 30 37 90 11 23 45 12 57 34 45 53 32 16 11 67 96 50 4 78 93 23 63 10 32 9 97 75 62 29 86 70 42 42 55 13 37 3 51 80 39 52 92 18 29 55 66 32 70 12 53 91 32 47 20 56 67 70 71 10 51 
56 68 67 86 31 82 17 91 77 18 27 78 23 86 39 29 41 63 63 70 59 46 1 7 93 36 64 16 26 47 89 92 0 79 81 68 48 35 55 58 93 34 13 41 52 13 17 13 99 21 36 25 7 34 25 60 21 42 20 56 93 33 15 4 2 35 16 31 15 78 35 11 58 66 0 90 48 80 81 92 93 67 5 97 25 86 76 84 56 7 13 77 30 28 72 30 94 50 67 77 35 90 50 56 8 29 82 38 23 71 26 31 55 87 8 74 91 15 48 80 
23 92 92 89 67 67 87 67 84 53 64 67 43 68 90 45 63 71 93 61 69 48 31 9 74 9 25 71 13 71 47 86 24 72 40 37 82 29 65 43 78 6 78 95 86 97 44 1 63 83 20 18 3 87 47 13 48 36 22 66 62 13 63 11 42 71 19 88 51 99 77 13 12 7 98 63 61 62 79 46 72 42 82 42 97 74 78 33 32 71 30 61 61 54 31 64 11 67 40 47 19 7 30 31 27 93 96 3 89 83 61 69 43 36 48 98 90 55 5 5 
48 78 94 14 0 48 23 29 69 62 80 49 95 13 83 36 73 48 63 56 36 45 45 94 41 34 42 1 93 94 63 20 12 55 41 35 31 58 13 73 13 8 46 49 33 86 56 17 30 61 40 61 11 29 91 94 56 32 97 1 47 68 37 9 45 36 28 24 7 32 22 47 27 72 54 68 15 90 84 14 34 65 64 81 46 30 69 81 65 71 6 40 28 38 33 78 29 74 22 12 60 33 14 12 84 89 69 85 88 76 33 53 97 76 26 1 8 87 67 82 
25 42 97 62 72 97 77 78 79 27 27 53 13 45 31 99 11 71 73 15 95 50 24 85 74 92 24 2 32 99 31 59 70 40 34 43 67 37 75 39 51 63 39 93 70 82 13 24 9 71 94 0 48 56 42 55 57 6 6 64 15 70 10 71 92 11 21 27 2 7 25 63 68 51 29 60 86 18 72 27 93 7 43 81 0 11 26 59 42 80 93 56 14 13 98 75 16 34 93 43 67 27 47 45 67 75 21 69 42 44 85 89 25 4 91 52 70 84 10 99 
52 42 37 82 33 14 10 96 44 91 6 72 33 16 2 54 32 13 86 50 69 62 73 89 62 29 67 26 29 77 68 24 51 28 9 4 47 19 28 93 75 89 43 55 40 93 83 93 0 70 78 85 61 56 44 25 95 5 28 88 20 22 34 30 65 92 26 68 79 52 25 25 53 80 34 87 88 55 66 48 15 82 74 36 38 64 56 60 73 3 54 63 16 37 63 60 60 91 65 90 66 4 35 26 25 58 34 35 54 6 17 82 19 52 84 34 11 69 9 17 
27 48 31 99 22 69 14 82 53 84 90 53 72 20 56 90 57 57 6 41 88 2 62 10 6 21 49 89 84 5 30 54 16 89 27 80 66 28 93 55 65 21 12 73 71 99 4 39 63 91 19 68 83 64 72 93 95 67 81 69 83 10 60 34 95 99 81 2 18 90 41 81 86 39 89 69 85 84 34 37 45 40 92 1 75 50 68 39 30 47 74 67 50 26 56 74 50 23 97 84 90 57 80 51 17 47 74 23 16 81 14 0 83 35 16 0 37 66 63 41 
38 78 61 79 70 51 30 17 18 8 79 43 80 38 25 53 67 66 83 99 51 66 28 51 2 46 77 89 79 63 20 1 43 12 80 29 85 67 83 40 86 5 54 92 41 26 72 98 52 40 51 11 44 87 12 23 94 9 6 80 3 61 64 33 99 95 82 87 68 41 9 16 95 52 29 2 10 95 10 53 28 32 8 79 24 97 76 29 18 11 25 48 41 95 22 67 33 33 35 45 42 12 48 19 17 28 48 22 72 31 75 86 3 79 13 82 81 68 54 68 
19 90 9 92 7 13 84 71 69 78 2 30 34 25 68 97 78 3 94 69 56 60 94 68 39 82 51 30 84 45 9 79 80 54 42 19 58 65 0 74 35 20 65 36 20 14 27 8 47 83 52 58 98 99 20 53 19 3 76 14 78 47 50 42 58 83 65 22 64 93 38 23 0 27 64 41 87 51 81 13 51 8 67 72 34 68 8 49 82 68 58 36 91 21 42 77 68 96 99 27 17 24 46 98 92 51 73 46 78 91 46 58 0 24 52 57 22 31 99 76 
82 21 98 76 71 37 30 10 64 47 20 3 81 30 24 63 22 90 50 59 22 0 2 25 89 34 21 35 45 80 78 30 20 83 31 65 7 19 95 8 17 31 39 95 16 79 51 92 38 9 39 44 12 94 45 19 5 18 67 84 6 65 26 11 26 85 96 64 55 35 92 22 10 18 88 55 92 16 26 68 2 9 56 94 96 55 96 53 16 81 95 44 4 18 87 12 99 50 12 40 84 83 31 1 94 16 91 18 49 46 49 10 73 61 15 7 19 25 25 33 
30 87 71 3 60 87 64 86 47 13 0 46 28 60 76 0 56 50 86 7 62 89 4 26 15 49 60 65 68 21 69 94 96 91 49 5 65 29 21 35 31 74 37 18 71 86 25 93 89 9 98 20 79 27 81 84 93 74 16 70 83 92 83 36 76 34 57 81 6 62 55 52 60 46 20 54 19 57 95 12 80 3 42 40 36 59 13 34 95 5 99 45 28 53 58 53 50 36 28 84 97 66 1 19 11 55 92 26 90 17 34 40 16 32 29 89 1 8 81 68 
56 68 29 68 24 72 83 82 90 6 12 73 50 27 46 32 69 48 68 49 68 65 16 40 80 60 68 3 1 78 24 71 17 74 97 6 28 55 88 47 87 20 8 93 54 99 75 92 81 64 87 1 21 45 72 39 82 56 5 6 61 18 21 0 4 11 66 50 3 77 2 44 8 10 26 18 28 32 69 94 97 13 96 56 68 82 49 10 46 30 99 16 47 10 6 27 87 9 0 8 8 66 79 84 45 0 75 82 81 49 12 22 29 73 83 41 9 4 85 37 
26 87 33 53 40 29 95 12 43 21 60 60 56 20 61 77 45 22 64 38 64 65 81 56 94 87 50 97 85 40 28 84 36 17 87 96 68 9 9 33 74 45 88 67 85 94 95 59 87 89 89 21 38 10 43 95 16 92 29 15 53 7 74 84 93 1 22 77 78 6 49 71 73 27 89 32 63 35 58 24 58 14 88 50 5 49 29 3 98 20 30 88 31 41 13 15 64 72 30 84 41 54 73 95 9 68 88 52 59 77 47 12 98 25 22 20 1 84 29 77 
22 75 71 54 37 12 23 22 14 93 70 38 17 51 64 0 97 78 64 80 41 65 62 28 61 15 83 39 67 52 28 94 41 25 51 22 81 93 35 32 21 52 64 2 26 77 68 17 84 4 73 18 34 88 30 84 45 3 67 86 0 68 66 66 96 6 90 42 66 63 78 96 26 22 41 98 18 69 36 49 78 58 62 72 43 73 54 63 17 52 89 94 26 96 7 29 51 19 95 17 89 55 51 15 83 23 33 34 89 21 68 77 36 94 12 30 66 86 32 27 
28 70 57 81 83 23 49 84 27 87 17 85 83 74 15 90 69 42 10 22 60 24 39 28 25 37 26 12 80 1 69 17 63 9 60 28 52 16 37 5 27 96 45 97 41 91 93 49 62 92 69 54 7 24 48 94 41 56 83 7 16 50 25 13 88 66 33 93 65 70 1 7 22 17 39 98 76 96 73 81 82 15 66 74 52 50 86 86 33 30 31 9 43 18 10 96 58 3 19 84 98 74 27 29 51 7 32 69 17 53 25 75 33 6 33 0 64 76 18 18 
2 60 16 35 71 29 95 8 79 11 30 13 66 54 90 95 3 26 99 29 44 50 17 86 63 92 23 19 85 3 54 24 74 0 8 64 46 57 39 71 38 34 0 21 16 35 37 48 6 78 57 52 12 60 21 48 41 77 74 88 77 48 5 67 64 89 49 17 98 26 34 48 43 7 46 95 69 89 53 37 1 19 18 30 85 77 70 41 52 71 96 52 41 52 67 87 11 84 79 80 9 36 63 60 22 57 86 33 54 22 27 77 55 76 0 4 98 6 80 27 
50 4 37 90 46 46 91 18 41 67 54 12 39 1 3 37 19 88 33 25 20 7 51 41 69 3 52 6 25 85 23 86 71 2 35 90 76 64 55 47 22 37 44 55 97 45 89 68 2 39 80 53 14 49 28 64 53 51 39 54 42 71 34 24 31 3 60 69 73 14 39 70 47 9 58 43 63 76 30 71 71 72 72 69 16 53 46 41 16 17 36 95 65 94 74 55 89 62 32 80 73 17 76 11 32 79 55 43 87 24 49 14 60 59 39 58 46 44 2 67 
5 39 26 20 1 79 87 75 83 87 27 5 92 12 85 84 54 84 88 62 43 7 27 20 54 46 28 94 58 12 92 58 58 54 84 38 19 28 36 16 35 39 31 52 90 79 69 79 76 51 62 27 39 20 2 45 22 46 7 25 89 78 51 62 1 47 35 1 11 34 33 38 10 58 79 24 8 41 20 25 58 62 96 58 83 88 98 96 72 95 21 33 86 23 52 4 38 33 75 88 1 21 89 14 53 93 89 69 26 92 45 16 84 59 8 0 44 29 54 78 
46 88 8 70 65 66 89 32 19 0 69 99 73 2 53 68 3 41 55 10 70 81 95 22 38 92 50 28 63 33 63 4 18 42 51 50 98 92 14 76 41 83 6 55 49 38 51 65 17 39 91 88 53 14 33 56 16 73 54 10 34 78 8 88 2 41 84 51 38 49 67 61 30 97 21 60 34 61 11 19 13 29 19 39 4 90 2 24 33 36 23 67 55 11 42 72 87 33 71 89 99 91 2 92 40 82 68 42 91 10 10 7 62 43 2 27 95 4 97 6 
