14 28 61 21 27 55 63 29 81 57 5 93 62 15 44 81 24 79 31 56 23 10 99 20 3 53 8 87 79 63 75 24 13 28 36 65 9 49 12 48 49 53 32 38 72 19 75 53 10 51 91 7 70 82 97 72 11 89 47 1 39 31 10 7 29 64 24 60 24 56 60 1 60 15 54 16 38 94 98 35 
71 54 95 91 18 78 91 82 73 75 72 63 86 97 31 62 2 19 26 5 77 2 77 69 90 19 35 27 51 61 98 68 3 73 85 55 98 75 85 62 83 19 85 29 27 77 3 32 15 36 19 28 58 62 41 24 19 80 30 83 5 46 10 86 70 67 5 2 23 88 76 23 25 80 41 81 90 41 97 66 
15 6 54 5 49 78 53 38 10 38 79 20 17 3 37 73 26 35 59 79 93 46 94 13 7 27 0 69 5 92 68 17 15 39 87 28 42 57 61 74 79 17 87 47 84 5 73 25 37 38 17 43 9 79 18 45 75 51 14 61 55 49 18 50 50 19 14 58 72 90 21 11 60 89 0 93 63 92 35 84 
70 8 63 15 74 35 15 46 40 39 70 94 62 38 18 17 3 58 15 64 23 66 53 8 28 42 11 30 74 60 36 15 14 15 54 85 72 37 63 37 91 22 62 99 87 30 12 57 92 55 24 87 72 42 22 34 69 63 97 96 24 79 20 69 45 62 22 99 24 3 30 20 99 50 72 39 81 78 40 29 
31 19 75 7 13 79 66 29 4 5 48 1 7 36 45 83 32 43 71 96 19 50 93 46 44 39 42 72 33 9 88 33 54 35 44 96 81 23 80 63 95 28 94 20 73 39 39 12 42 31 92 39 48 99 83 13 33 3 8 52 15 56 58 23 89 68 27 94 44 59 93 47 77 83 90 18 63 73 16 53 
35 29 48 63 12 89 89 93 74 67 48 95 62 98 99 86 71 16 58 78 33 3 58 32 25 60 4 30 61 61 58 6 81 28 41 65 32 90 72 48 18 36 73 88 5 35 2 26 74 24 9 41 83 32 99 81 17 18 76 30 40 97 84 39 61 93 66 97 54 66 14 0 0 67 64 80 20 62 8 25 
18 99 97 57 63 34 59 89 37 54 13 38 55 60 1 79 5 48 71 69 51 40 3 29 14 42 23 97 25 41 75 67 72 56 69 92 98 40 70 86 66 69 82 50 5 84 76 82 40 53 46 62 17 85 2 12 50 48 67 36 24 95 78 48 70 43 27 70 89 83 69 66 61 70 71 16 7 54 37 98 
89 29 84 25 86 30 97 37 61 38 83 34 24 61 85 20 52 18 88 80 33 58 11 96 54 26 75 66 64 24 14 66 7 25 14 83 92 58 77 26 40 36 68 84 88 31 82 4 22 1 54 7 7 93 22 11 13 96 25 3 3 54 34 26 10 43 13 9 57 26 23 4 73 65 79 96 7 30 12 24 
77 96 73 48 28 25 8 77 20 24 30 54 67 8 52 18 99 10 82 99 13 67 54 12 54 67 77 89 40 85 15 12 96 67 17 72 20 48 37 7 52 64 62 55 19 49 48 85 93 6 23 66 97 40 34 35 16 72 65 58 68 99 58 55 40 83 4 61 66 33 47 20 32 23 40 3 77 29 99 94 
94 19 83 94 55 86 74 25 10 71 90 16 9 16 27 47 34 50 57 77 3 26 13 68 16 42 27 11 33 34 13 19 75 4 30 9 73 97 25 94 90 87 30 56 7 15 95 8 30 38 10 97 29 80 96 83 39 81 92 88 35 65 46 62 73 45 88 57 6 88 39 36 20 40 49 19 51 13 49 83 
5 24 87 12 41 94 52 68 82 92 81 44 83 91 82 30 17 93 91 58 38 54 44 25 79 24 66 41 71 95 27 77 42 49 68 73 59 96 3 35 94 27 86 85 93 58 11 79 78 21 30 78 55 39 85 19 96 26 19 70 36 9 43 60 85 63 17 38 72 73 71 97 45 66 74 93 72 20 60 7 
89 94 58 37 39 25 60 45 42 52 7 30 76 11 0 12 5 15 40 65 73 50 63 37 8 22 18 96 24 80 25 87 65 74 32 65 40 52 95 47 64 29 21 54 77 92 72 46 82 22 28 27 41 39 12 26 58 25 72 96 4 93 79 49 85 33 74 23 68 66 33 50 24 86 32 5 26 47 6 52 
31 70 1 17 26 88 43 0 85 48 89 13 85 12 5 31 31 37 96 74 64 79 97 79 64 2 14 6 71 47 42 16 1 48 84 0 13 44 94 84 99 18 13 14 29 70 77 0 14 1 60 6 71 96 89 57 98 20 94 47 29 18 22 2 45 11 3 72 78 55 59 52 88 59 55 63 11 61 94 36 
25 34 72 89 17 3 72 94 77 90 33 93 66 0 76 75 76 22 3 36 86 35 55 96 66 16 42 70 43 16 83 8 21 84 84 71 35 87 99 17 88 69 48 72 90 43 69 45 57 29 6 37 8 51 64 42 50 19 27 40 18 8 11 88 80 99 37 51 71 48 59 80 8 98 95 76 78 41 57 11 
60 65 45 82 95 34 44 92 98 55 50 69 9 49 47 43 62 56 8 81 29 54 15 93 69 0 50 40 1 39 64 87 75 59 9 4 43 52 6 28 96 75 78 24 65 98 36 27 4 55 59 1 49 79 31 49 44 95 41 83 40 10 42 63 17 93 36 26 44 65 29 54 46 45 6 3 46 5 9 38 
21 32 2 14 14 21 97 12 59 21 19 88 0 2 39 65 52 59 17 28 24 86 55 49 50 87 14 31 94 11 15 82 51 88 69 67 71 22 77 28 79 74 5 68 25 82 98 98 80 16 96 40 88 90 20 54 37 24 20 5 34 81 94 12 36 92 22 8 42 43 54 66 24 1 0 39 99 62 94 14 
7 87 50 85 91 56 62 60 67 67 44 80 66 88 89 26 91 74 22 26 33 97 95 90 66 72 44 21 47 20 72 37 9 69 80 89 86 56 70 47 82 64 33 92 22 33 58 20 35 46 5 70 48 27 58 9 64 24 30 65 43 75 40 83 44 26 83 14 25 87 84 59 51 4 36 42 43 42 3 46 
14 11 77 28 2 17 57 96 14 73 55 64 66 66 16 31 90 38 6 73 59 76 98 91 66 52 80 29 34 50 41 58 44 88 5 66 81 52 80 44 92 58 72 67 46 31 54 83 39 49 34 67 60 41 63 81 96 77 8 70 82 88 97 66 40 78 63 25 46 78 86 6 41 49 79 97 73 60 5 61 
39 91 64 66 88 36 95 83 93 22 54 74 66 41 73 8 63 18 64 19 4 85 14 74 27 91 78 25 44 14 67 11 19 77 60 71 82 31 42 31 58 50 2 20 70 66 10 92 1 68 49 29 42 11 14 6 86 91 38 74 27 45 35 97 55 92 64 71 88 14 68 95 33 15 63 28 67 45 18 91 
95 29 67 29 6 1 29 11 36 4 69 27 9 85 88 2 65 25 54 67 94 35 62 44 37 25 85 91 30 70 34 82 11 97 71 53 29 52 25 59 36 15 85 61 11 6 45 64 18 84 66 83 8 67 33 18 95 44 30 22 45 67 80 6 17 7 8 73 82 39 24 85 14 83 98 27 71 71 71 69 
66 22 73 97 47 19 69 0 12 57 24 66 93 30 69 26 39 95 92 90 80 58 97 61 33 15 59 91 12 55 74 19 11 64 28 65 23 37 53 19 27 64 81 78 85 90 18 6 14 37 41 75 89 69 21 29 14 15 85 51 88 33 95 54 97 77 22 38 60 11 80 76 66 50 95 69 85 83 8 67 
90 23 75 7 47 24 6 80 36 16 89 58 68 84 41 29 43 67 59 34 31 79 33 90 81 25 58 46 3 5 58 6 54 48 83 68 91 55 17 47 19 46 94 76 6 8 40 99 11 52 36 90 19 82 8 3 12 38 75 52 2 15 5 24 26 44 97 95 62 16 99 10 32 97 31 51 98 73 95 90 
82 11 61 38 60 73 76 75 79 92 51 65 7 25 75 39 87 22 38 50 91 96 94 31 64 31 52 55 22 65 13 57 41 64 90 63 20 65 96 60 22 27 81 99 58 83 83 60 29 11 58 86 37 6 77 72 94 31 32 24 83 54 91 15 36 85 98 34 37 41 22 18 95 51 73 56 42 69 60 89 
85 73 30 0 52 7 81 47 9 27 14 7 48 48 84 93 64 70 93 33 99 48 62 96 70 47 48 46 51 33 52 24 85 95 52 99 7 73 28 99 55 43 65 6 4 14 82 0 74 71 44 21 5 18 91 40 77 99 5 79 35 12 99 65 35 85 6 31 31 8 93 24 5 8 90 59 52 14 0 31 
28 88 91 83 41 38 58 54 4 4 32 95 2 20 56 28 85 71 66 5 75 49 8 86 41 44 82 28 46 14 95 30 76 70 68 70 77 40 31 11 36 15 31 30 86 42 49 9 19 69 29 34 79 34 86 6 43 99 66 39 45 97 58 79 1 19 77 83 75 47 50 94 72 50 33 49 62 37 50 96 
89 72 97 57 88 8 77 8 86 82 20 18 45 71 8 20 55 26 67 63 55 52 58 47 2 40 23 56 75 6 27 50 11 28 15 67 0 13 33 13 41 50 44 84 80 96 87 40 43 11 38 86 99 19 30 90 68 41 54 39 80 92 88 96 72 29 91 49 22 2 99 18 45 80 12 54 38 42 94 19 
3 10 50 76 21 82 48 74 48 95 80 19 80 30 20 88 50 27 63 85 21 28 20 3 4 80 78 88 22 41 10 67 5 38 90 54 29 57 93 12 65 87 27 52 49 64 39 90 12 3 97 70 8 45 71 59 27 1 6 5 99 69 19 76 56 22 81 56 35 86 62 99 43 79 43 3 73 35 53 58 
92 18 7 34 42 93 19 47 77 92 55 53 41 68 51 71 42 23 0 80 99 79 85 82 89 91 0 25 39 52 13 38 52 4 53 46 84 79 79 25 66 34 89 63 59 90 92 22 38 83 84 0 71 69 72 36 42 11 75 1 61 61 1 3 62 72 88 11 96 55 54 27 9 75 28 89 95 36 56 46 
3 96 68 18 0 95 93 53 35 45 67 46 82 24 52 10 15 80 9 92 58 44 17 46 80 15 48 23 90 43 91 41 37 42 49 60 92 39 37 40 12 88 66 20 12 74 96 19 50 18 50 51 22 91 27 98 65 86 93 65 21 74 92 77 37 54 86 17 18 8 9 79 42 99 6 36 4 33 22 88 
15 5 31 89 63 17 45 65 29 31 29 52 9 7 60 52 98 99 47 91 54 57 33 51 54 32 41 64 30 22 17 10 40 79 63 73 75 64 99 31 99 20 89 51 71 74 99 9 5 76 79 19 77 8 96 6 4 45 5 70 57 55 22 36 16 89 96 39 5 86 35 52 45 0 18 72 52 38 34 93 
33 15 24 61 43 16 51 35 25 59 16 28 63 22 96 18 51 25 4 24 45 32 84 73 46 1 79 37 34 44 18 84 45 83 32 65 41 31 96 27 5 58 66 0 46 55 17 24 12 18 76 98 88 57 56 99 97 21 38 59 66 92 16 89 87 85 37 13 8 2 19 76 12 10 19 99 30 53 62 47 
41 87 53 12 23 30 81 54 33 15 46 95 27 74 48 41 96 63 43 52 18 74 1 25 28 91 60 2 51 43 67 96 13 1 88 30 25 5 84 72 39 92 4 86 30 54 5 99 68 78 64 49 67 36 5 99 99 21 44 47 11 47 24 13 57 31 28 51 11 28 23 57 33 39 69 57 13 19 51 47 
83 46 42 44 9 43 14 55 94 11 54 77 6 80 72 65 84 67 82 23 79 33 3 40 29 28 27 13 45 64 97 18 14 81 74 54 91 56 64 55 36 6 92 52 23 15 40 35 92 60 36 80 77 13 78 85 81 83 25 11 55 27 79 0 77 73 51 19 42 44 81 78 82 26 74 75 18 33 65 13 
67 92 6 66 92 73 40 47 63 22 58 17 24 51 63 34 88 67 6 39 5 64 71 18 71 1 19 90 92 43 69 15 82 92 72 21 99 36 13 48 48 77 76 10 27 21 85 82 38 81 4 24 55 33 53 27 26 17 37 70 0 49 12 12 69 21 99 12 78 58 59 94 48 79 37 9 55 48 76 7 
11 13 98 15 87 10 98 66 45 50 27 36 87 14 38 48 90 70 26 70 63 13 39 53 22 40 58 34 82 92 17 13 27 81 66 21 94 40 39 77 7 91 27 86 14 77 57 50 2 49 67 98 72 60 49 67 89 56 49 58 36 21 5 5 81 60 8 65 0 60 98 93 90 14 81 6 81 8 9 7 
49 90 87 10 13 82 79 55 79 55 64 22 41 20 26 58 26 29 85 71 40 37 54 70 47 65 53 52 14 96 58 39 24 63 55 3 92 78 10 9 98 44 5 47 53 70 80 84 99 12 52 12 46 15 8 63 50 41 37 16 2 2 22 67 79 33 40 14 21 73 69 46 19 81 20 63 73 50 33 23 
4 56 45 5 81 19 25 78 80 82 41 11 19 33 24 59 41 61 14 34 90 9 93 97 79 81 20 56 7 77 14 63 28 7 54 78 87 55 38 64 52 71 37 33 77 42 95 52 60 36 35 23 18 56 56 93 26 21 39 53 90 49 97 71 1 30 47 8 57 99 87 39 11 43 19 41 15 23 82 13 
72 25 11 96 24 63 62 64 38 34 99 7 58 49 92 23 37 31 99 59 54 70 20 1 73 41 47 75 42 65 48 24 2 55 10 88 86 94 75 51 30 50 33 12 2 80 60 37 10 37 24 94 77 6 47 36 23 10 56 38 71 41 46 9 13 66 70 8 17 15 44 58 7 92 23 92 29 20 70 10 
62 23 68 84 59 16 92 92 84 85 16 53 52 35 97 95 36 90 71 93 62 18 53 8 82 75 56 65 75 25 75 10 51 44 22 84 47 6 43 67 84 50 76 47 32 47 86 63 10 47 81 75 54 22 9 38 9 27 64 34 56 63 25 94 3 97 99 57 90 50 18 57 57 23 97 92 54 42 64 90 
2 12 49 64 55 38 60 12 96 22 94 53 19 47 9 53 52 7 56 62 2 6 93 42 66 74 7 10 80 81 53 18 95 46 41 79 62 48 35 25 7 30 23 14 86 88 11 93 13 8 87 3 45 87 13 2 71 27 35 23 50 4 18 3 51 58 72 85 40 61 74 75 81 28 60 64 79 38 26 36 
61 10 68 19 89 81 24 61 41 10 47 1 76 35 41 58 46 65 41 82 59 59 24 11 4 74 42 60 14 41 44 58 92 53 78 38 10 96 13 92 23 56 28 65 47 61 41 61 25 47 78 32 85 37 55 9 22 94 73 16 12 19 37 72 64 22 61 31 71 81 14 99 10 98 24 81 42 72 84 32 
48 63 86 40 24 17 39 95 84 93 25 61 14 48 98 57 63 8 92 63 50 22 88 10 18 58 31 57 55 30 52 54 29 36 48 38 63 33 78 51 47 71 74 65 14 12 56 7 70 8 50 44 72 61 87 42 39 78 39 32 61 14 45 14 54 61 68 51 65 73 31 74 77 47 38 32 35 92 49 43 
46 97 84 74 65 96 54 60 27 42 54 71 44 94 63 85 40 15 9 47 98 51 70 81 61 56 0 4 72 82 54 44 79 43 55 97 10 55 64 14 93 40 64 81 89 57 81 5 21 64 87 89 2 46 27 19 24 18 50 75 38 18 98 20 54 82 63 71 93 91 31 9 65 1 58 24 40 66 70 34 
55 47 1 83 69 7 44 1 97 15 21 57 33 16 24 31 11 80 85 60 33 50 3 64 86 90 42 79 65 35 43 97 99 36 89 49 74 76 87 95 83 24 21 12 96 46 40 93 37 93 77 10 78 18 63 10 84 20 13 77 29 95 43 67 32 73 91 40 25 74 72 80 37 39 61 37 23 53 37 14 
71 77 60 9 25 63 4 69 15 25 25 96 45 0 37 12 73 8 39 23 86 1 44 57 5 42 45 19 23 66 51 3 1 22 83 61 9 64 23 61 51 48 84 33 61 91 85 52 39 9 57 55 69 81 9 24 90 47 35 17 99 19 48 20 3 43 49 90 97 17 69 66 17 84 54 66 1 59 50 83 
60 68 60 37 26 88 64 43 63 68 58 34 21 15 2 50 78 37 50 68 94 33 37 9 37 8 14 45 2 46 42 47 34 28 22 95 49 65 42 84 36 28 89 84 43 40 42 66 43 3 42 10 39 39 52 36 22 62 17 28 39 20 8 36 62 9 86 26 13 2 65 38 92 40 50 93 40 68 8 66 
37 8 58 83 44 7 91 93 90 90 47 42 6 36 45 98 9 83 14 21 84 68 79 51 51 68 43 67 25 35 75 83 9 31 22 66 59 4 96 24 47 95 96 42 89 39 56 40 69 54 55 43 92 71 21 50 85 69 32 6 53 60 14 31 83 24 35 38 57 84 13 67 85 96 11 74 57 47 98 38 
54 35 3 91 94 24 56 49 16 67 98 90 3 15 38 69 86 75 64 56 74 35 31 2 70 40 54 99 38 32 18 14 87 34 22 20 87 73 36 41 79 44 62 77 95 31 43 92 28 54 58 61 88 0 75 29 94 6 75 77 58 29 18 46 71 62 22 88 96 71 17 27 22 31 31 89 93 89 92 51 
82 18 36 18 16 1 95 58 20 97 56 15 85 51 2 11 93 85 84 2 46 99 82 67 18 53 36 24 12 18 50 94 66 22 97 97 15 68 88 34 86 30 8 42 21 51 95 85 97 98 31 89 32 90 86 26 78 40 56 57 93 27 39 1 39 47 45 85 15 82 12 35 79 16 95 67 2 46 29 86 
25 10 39 80 64 25 63 94 77 3 44 53 10 65 62 31 90 4 65 12 52 0 36 7 40 32 14 75 4 68 4 45 72 20 89 78 20 35 72 73 44 12 68 5 36 23 10 36 17 30 47 72 41 30 72 94 14 30 24 34 98 22 26 19 1 46 20 64 75 96 3 49 83 59 31 35 25 33 57 77 
70 34 94 76 72 67 74 40 82 8 5 64 44 39 45 97 63 4 81 16 2 65 26 75 70 52 51 31 27 7 11 56 77 92 92 60 45 88 71 87 32 15 32 27 32 68 52 63 99 44 23 89 19 9 6 77 25 4 20 36 49 64 37 90 86 52 79 21 67 81 27 62 90 71 78 59 92 15 79 29 
86 65 99 12 55 88 10 48 32 20 1 12 78 1 67 33 27 64 84 93 94 96 65 3 68 96 78 28 5 19 92 0 64 91 13 77 30 76 23 93 59 67 81 4 27 90 61 25 60 10 68 56 12 42 94 85 3 4 4 7 54 93 50 16 72 45 35 16 27 2 89 5 97 20 14 92 65 81 34 12 
71 94 55 90 23 3 66 66 76 80 20 44 88 8 79 27 81 97 13 88 85 42 65 66 40 31 17 1 81 40 74 25 14 77 82 69 54 31 77 8 86 58 57 8 62 58 29 21 26 47 60 94 46 43 94 96 91 34 63 61 75 27 71 53 87 89 41 94 83 47 0 51 19 57 59 6 10 52 91 54 
80 92 70 82 70 42 4 7 77 78 29 74 89 95 87 89 19 31 70 59 47 21 3 30 89 9 68 53 40 21 38 33 22 38 35 77 2 79 46 51 45 4 72 74 91 74 40 90 46 5 43 43 26 9 75 55 97 61 5 36 89 96 78 11 54 22 71 0 79 66 50 44 24 65 55 38 10 79 68 60 
81 52 37 87 29 79 11 71 95 12 86 80 86 19 20 93 17 46 56 13 59 41 0 64 40 67 56 61 36 17 24 28 14 83 98 20 31 85 69 10 85 66 63 56 87 55 55 25 32 94 46 52 99 59 57 68 50 95 35 52 17 77 68 39 14 60 81 90 16 9 39 6 99 15 84 90 48 21 4 96 
92 17 3 42 85 95 68 13 39 80 32 36 45 17 50 76 27 24 89 53 84 87 95 81 73 33 40 30 71 94 6 59 51 26 33 13 44 70 81 52 51 64 79 23 93 50 36 35 1 10 91 88 38 0 41 39 39 38 3 3 15 14 26 40 30 67 95 87 72 22 40 67 84 39 5 89 19 83 69 77 
97 99 4 6 28 95 32 2 19 11 19 83 65 43 19 24 74 66 70 16 8 66 38 11 5 41 40 93 38 91 14 25 93 23 44 91 52 3 74 29 47 58 10 31 73 46 4 90 72 13 96 97 17 78 79 0 95 55 99 72 95 82 67 37 91 16 49 2 53 49 75 36 77 53 44 34 86 84 56 35 
57 11 87 81 53 36 74 57 83 3 2 37 40 39 84 24 4 38 82 66 1 80 51 37 28 0 24 51 57 92 93 61 32 90 73 93 47 23 25 93 23 94 29 34 20 71 52 47 13 68 14 31 94 12 91 1 24 96 65 20 55 7 44 14 60 84 67 11 45 77 51 64 90 0 24 78 93 37 76 31 
56 10 23 16 75 91 10 49 24 13 3 67 54 19 84 12 44 71 73 58 37 5 73 28 42 7 98 94 26 65 43 83 23 55 15 41 94 59 9 53 94 57 72 15 15 6 61 88 19 56 74 76 8 3 43 46 85 51 69 78 64 42 71 81 22 43 92 77 37 90 14 94 19 11 95 1 45 49 46 31 
48 36 33 63 16 67 7 85 97 65 33 61 11 9 97 26 28 21 55 5 91 51 58 71 45 64 2 31 89 75 84 79 56 92 27 32 46 80 45 63 23 98 33 9 41 5 11 97 30 83 67 45 63 15 43 42 80 32 65 67 20 76 13 3 40 63 67 59 9 55 42 77 89 31 61 73 38 2 81 20 
27 73 38 20 17 63 52 77 85 45 61 2 24 50 88 64 47 52 48 84 2 3 87 98 30 93 34 54 61 13 15 85 90 30 87 66 61 28 15 15 74 91 10 28 54 74 64 46 43 27 36 22 6 40 16 16 99 63 8 63 4 8 77 5 86 10 2 22 52 42 26 96 26 65 17 83 47 63 52 90 
88 40 59 74 40 63 8 54 52 4 13 11 64 90 54 4 37 53 62 19 25 46 47 91 86 64 46 1 57 83 25 91 23 47 12 50 76 72 55 24 33 34 88 32 14 28 47 87 20 89 2 86 41 42 61 3 63 74 74 58 43 24 99 25 31 16 82 95 46 0 72 86 49 42 13 56 4 87 73 39 
54 91 9 69 88 93 9 24 11 69 1 91 41 89 66 10 74 11 62 99 40 77 62 34 52 82 15 14 37 62 50 30 38 66 87 95 20 20 90 88 66 21 5 25 49 48 57 28 69 6 44 69 9 28 25 24 53 97 86 85 47 57 27 6 86 64 24 77 90 43 43 59 4 85 26 17 4 41 69 89 
16 48 29 68 58 60 90 46 86 78 77 37 28 71 62 69 56 73 45 29 65 54 35 96 27 31 42 61 64 54 47 1 26 29 68 32 92 2 45 45 81 93 69 47 48 12 30 41 43 31 71 24 91 61 86 11 44 11 31 39 26 83 56 62 93 92 22 63 84 7 32 55 52 20 74 14 55 50 86 1 
4 1 50 30 36 84 28 53 87 96 12 23 80 13 61 84 68 7 50 31 12 94 53 88 59 21 26 91 42 65 42 20 73 42 70 96 64 71 5 21 8 79 69 30 46 58 3 99 36 12 1 99 57 86 54 86 75 72 85 99 26 12 20 63 67 44 92 52 37 60 15 42 67 76 13 83 92 21 85 76 
92 81 82 44 55 5 93 63 52 64 49 54 90 24 39 5 41 31 59 95 75 14 61 10 71 7 65 38 49 93 93 5 23 69 13 13 92 99 99 15 68 69 88 64 94 87 14 26 72 84 17 21 59 97 58 55 38 88 14 37 28 37 29 30 81 4 20 71 36 97 97 24 27 14 3 69 52 38 38 50 
59 46 59 8 25 92 12 52 64 47 95 19 88 88 57 82 86 9 95 26 3 73 27 92 42 56 14 57 90 79 38 19 50 55 57 90 92 97 77 7 77 66 75 70 61 24 90 2 18 91 29 11 87 57 46 9 10 22 42 86 26 75 71 88 61 25 18 31 66 47 61 50 85 36 14 98 84 27 93 98 
7 53 66 38 57 35 91 68 18 62 36 45 81 67 66 85 84 57 53 77 86 57 70 54 49 66 45 48 60 13 24 18 60 46 89 92 47 28 72 18 68 34 86 38 69 45 71 76 45 61 16 70 50 95 8 21 94 95 68 14 42 66 83 12 73 93 69 51 52 70 9 37 78 48 60 77 63 40 55 51 
25 63 34 58 32 76 51 10 9 84 78 82 11 63 99 61 28 97 50 9 10 83 46 82 80 83 42 7 72 31 71 66 52 44 56 82 71 37 53 62 8 19 83 75 26 16 43 15 25 62 72 99 33 34 24 64 62 3 93 96 36 95 40 66 59 18 19 64 4 49 83 18 34 54 86 20 27 21 59 2 
26 80 67 4 55 4 76 75 46 15 73 43 75 94 55 86 56 46 58 20 9 1 75 13 36 35 75 23 23 92 57 74 7 34 98 51 94 10 85 56 53 9 52 62 10 87 4 17 17 83 81 22 97 87 49 82 90 64 1 10 66 74 1 11 25 59 91 61 65 62 36 96 34 88 64 5 38 95 86 78 
77 13 95 60 44 68 14 48 12 69 44 40 60 89 39 57 54 35 86 69 98 71 24 83 60 51 59 2 57 89 71 84 87 35 84 91 5 88 46 88 28 76 25 11 79 49 61 88 94 86 25 15 84 10 71 89 4 54 49 64 32 87 35 50 38 75 73 26 92 12 66 3 45 21 76 89 48 63 33 34 
95 79 33 99 27 29 6 76 11 59 16 47 57 31 5 34 51 19 92 47 29 77 13 96 24 55 88 84 82 22 7 3 5 51 77 56 25 78 90 66 45 88 3 56 13 71 52 21 23 33 60 13 6 5 30 55 94 79 84 93 23 82 61 54 27 82 5 87 42 58 83 8 32 77 56 23 7 61 33 27 
45 68 88 89 36 2 19 89 79 19 88 10 89 87 34 9 91 15 51 67 92 1 29 90 23 47 20 85 73 82 84 95 11 98 29 99 53 43 10 79 89 75 99 80 58 4 68 45 17 44 50 49 8 74 91 86 33 62 87 96 19 76 11 94 61 41 93 0 2 48 3 60 8 73 72 65 81 34 94 64 
48 25 17 82 8 32 68 82 46 64 30 62 85 71 1 18 20 58 7 22 79 96 37 18 8 54 7 76 92 81 83 81 54 2 46 72 22 1 38 75 69 87 61 25 13 62 45 43 15 69 18 1 56 98 28 56 43 9 85 92 67 48 96 15 80 81 71 39 70 50 54 13 9 6 51 21 56 77 72 97 
32 14 73 51 85 41 30 40 16 93 6 58 80 39 11 42 62 7 29 42 62 22 40 35 89 11 98 38 27 80 6 34 56 37 38 97 0 83 80 60 83 14 22 68 29 27 28 72 69 48 13 55 0 6 79 47 34 62 42 69 34 31 62 44 17 4 3 86 28 45 51 79 71 97 56 53 32 87 36 56 
51 99 11 75 87 21 20 22 66 11 42 16 69 57 96 67 25 28 0 21 87 98 97 90 25 76 32 61 15 85 91 12 31 68 7 54 76 85 39 69 7 23 23 99 36 15 52 84 85 44 88 34 94 22 8 47 8 22 61 68 2 19 73 94 77 76 9 72 64 94 60 65 95 95 43 5 59 66 28 73 
39 62 87 21 22 45 17 14 55 31 45 69 49 33 92 14 25 38 1 88 30 22 18 79 17 47 81 49 87 89 53 51 88 29 73 76 15 24 32 18 92 7 76 35 77 36 8 64 33 45 85 66 96 73 49 67 74 53 97 10 95 0 13 70 28 90 44 4 19 30 57 27 86 58 57 81 78 75 79 96 
73 15 81 47 5 24 69 7 6 99 30 86 48 99 9 44 4 13 9 56 44 57 9 22 28 95 97 73 10 77 16 97 10 70 39 33 18 3 19 3 17 58 74 12 47 93 10 35 65 24 94 24 91 79 75 48 65 29 7 15 16 88 73 51 71 18 88 55 62 53 48 42 60 99 9 11 8 17 38 25 
15 73 25 37 64 80 66 39 59 28 33 76 29 92 82 13 17 58 22 17 42 40 55 88 39 68 89 88 60 6 87 22 0 76 86 50 15 65 83 30 32 38 14 98 91 8 79 1 46 70 97 52 48 91 11 93 6 22 0 61 65 1 20 21 14 44 22 58 26 96 34 59 44 27 88 57 36 28 62 29 
46 45 84 58 72 17 91 4 86 63 13 67 86 13 22 4 70 17 75 20 0 95 3 14 49 70 76 62 0 7 14 1 4 66 90 10 1 39 81 61 17 47 88 2 19 75 0 75 75 50 30 41 25 72 15 32 43 38 75 62 78 35 67 41 39 76 38 30 93 63 86 55 21 89 92 40 45 55 2 19 
