75 83 4 47 61 77 90 69 70 3 20 97 82 46 49 33 7 22 37 60 13 39 29 48 6 55 60 64 13 89 46 39 53 96 54 21 15 81 35 53 96 47 0 43 38 20 34 59 6 10 45 76 47 80 30 67 19 88 21 46 64 89 81 19 11 85 72 32 74 89 5 39 11 3 4 77 19 61 53 79 19 0 26 54 76 57 21 95 77 41 14 14 82 66 83 2 42 50 64 60 32 50 69 93 89 12 80 13 74 96 82 8 92 82 31 40 12 99 74 99 10 18 74 69 48 69 12 12 22 85 33 4 17 77 2 41 82 7 59 83 5 99 39 46 53 30 50 3 64 25 11 72 28 70 65 82 11 35 9 96 
94 86 75 32 37 30 57 95 66 94 66 71 11 98 25 94 86 23 27 90 94 94 36 31 60 42 87 81 56 83 10 6 56 44 75 50 92 70 94 43 31 50 72 46 27 1 97 87 76 47 90 61 59 77 70 66 70 77 86 79 0 48 12 39 66 10 72 70 5 5 19 69 41 71 7 55 14 88 19 16 39 87 7 95 28 71 88 51 64 97 26 17 91 80 38 38 29 15 11 78 28 31 64 22 6 9 48 71 56 27 60 93 59 46 69 15 70 26 90 86 68 1 64 36 46 54 23 12 14 39 92 24 79 5 30 37 51 16 51 81 2 66 11 41 98 39 18 44 35 88 46 27 9 23 80 35 42 8 50 87 
96 64 12 40 17 37 86 67 66 22 21 68 73 17 53 85 98 98 92 11 20 85 53 75 86 38 89 54 42 90 62 96 15 66 77 72 80 78 40 51 9 23 16 78 42 98 65 18 65 38 3 6 80 56 96 26 84 89 6 45 82 7 52 72 90 27 72 23 82 55 9 94 27 56 66 62 35 17 85 24 39 45 65 33 33 45 55 37 2 95 48 60 6 23 69 5 15 71 1 29 5 27 7 1 66 40 94 18 36 61 36 99 18 97 54 98 95 46 19 69 83 49 38 28 30 40 28 95 75 70 82 32 75 30 37 5 57 70 46 26 81 19 72 24 56 28 9 63 63 20 83 59 63 46 88 36 31 47 51 30 
10 84 26 29 83 62 20 97 22 34 94 3 26 4 43 2 18 8 1 85 69 91 53 10 62 27 42 70 76 44 58 33 55 57 79 11 25 25 55 25 2 15 96 86 47 74 12 72 61 72 70 38 55 45 9 96 42 93 83 70 1 78 98 12 4 0 35 26 49 57 91 56 97 91 64 47 24 89 98 62 6 63 77 91 43 31 54 80 86 54 98 41 76 36 91 95 12 51 33 88 1 17 40 57 45 1 98 13 96 52 42 47 46 64 85 26 51 14 97 63 57 3 45 4 68 49 55 38 49 53 82 17 36 73 67 90 35 25 12 99 46 45 24 42 76 0 59 4 76 87 99 39 75 87 60 18 34 28 22 67 
82 21 26 57 62 40 59 19 97 66 18 87 15 43 55 73 87 85 61 28 64 70 76 48 62 55 5 24 85 12 69 98 51 46 88 96 54 23 89 56 14 39 47 71 44 98 92 77 91 54 74 20 16 97 32 88 81 28 21 1 75 52 41 68 86 96 14 87 5 97 9 88 19 27 91 32 72 90 46 46 89 38 15 16 62 66 90 58 35 89 87 14 27 74 91 22 22 28 39 24 51 81 77 96 17 60 7 69 8 55 4 41 77 46 67 29 68 35 73 87 93 92 9 91 99 34 77 74 18 19 73 44 44 83 50 62 45 6 15 91 50 95 7 34 11 63 71 49 79 9 17 91 57 31 60 66 61 11 20 97 
4 98 80 9 10 50 19 80 79 34 62 94 68 5 88 55 85 33 92 44 54 48 15 72 22 32 81 47 12 62 45 8 20 30 57 81 29 22 43 36 56 15 23 56 93 76 12 70 85 8 72 82 94 14 37 35 83 4 95 30 65 69 36 21 8 78 37 16 80 99 92 11 18 61 24 20 38 22 6 79 24 68 21 77 3 36 32 93 12 57 5 59 79 13 55 15 78 84 94 74 47 3 45 96 46 95 72 54 34 29 87 13 58 61 17 23 78 64 8 30 67 97 45 1 31 64 24 49 37 20 53 48 93 12 29 1 24 9 42 92 77 87 15 11 79 1 56 7 79 1 34 46 10 90 34 2 88 32 1 17 
70 80 4 70 54 30 70 1 7 27 17 18 75 90 93 77 89 96 50 32 28 53 39 97 31 15 67 52 66 76 6 69 79 74 32 31 87 92 25 45 87 46 12 46 43 62 22 92 40 22 39 2 45 14 54 88 63 71 87 70 8 0 81 61 82 29 98 14 44 49 86 8 55 49 21 14 17 17 17 57 98 24 32 63 47 13 67 72 49 50 54 63 20 79 39 18 5 74 33 66 70 5 7 28 91 99 2 48 25 44 59 53 24 97 11 53 55 45 56 90 5 27 27 20 77 14 41 31 20 37 93 98 1 25 78 57 8 25 98 92 98 78 41 57 41 1 70 56 11 58 70 0 78 2 92 34 52 76 44 2 
35 62 39 61 92 99 62 68 10 44 98 53 16 43 17 23 67 63 49 97 32 62 70 55 53 2 38 92 82 0 41 58 62 9 23 28 81 41 57 12 57 81 16 76 43 65 66 33 38 45 45 47 28 76 68 52 17 65 95 27 1 67 31 38 11 2 29 3 22 70 52 87 49 53 49 63 42 76 29 11 25 95 48 46 12 97 29 21 82 10 14 57 5 37 92 79 5 49 84 31 93 70 36 3 52 64 86 8 28 84 60 8 55 16 68 18 47 74 0 77 10 11 71 35 21 68 84 84 59 91 16 86 53 80 23 37 47 64 66 82 42 48 51 39 20 95 29 56 5 44 3 42 25 38 87 3 54 28 52 9 
34 43 96 11 85 55 41 30 64 37 52 40 13 30 20 49 3 34 77 41 30 85 34 8 52 70 56 28 40 5 56 95 81 7 8 94 94 66 73 3 12 73 98 91 14 17 69 49 97 58 98 40 70 69 10 5 9 65 54 20 94 57 58 91 75 25 70 55 16 3 31 46 60 54 34 63 73 70 29 49 71 3 68 96 96 50 33 25 45 75 74 67 95 60 69 3 73 60 92 83 76 77 78 3 97 79 7 75 54 96 90 54 84 38 73 76 71 6 46 98 67 13 13 43 78 64 34 33 46 48 32 26 80 80 78 1 22 91 99 71 59 19 69 73 46 5 76 70 49 96 98 96 26 1 93 34 76 40 59 15 
91 28 93 75 47 20 63 50 61 81 7 90 69 38 79 67 38 75 48 72 60 44 81 19 60 57 82 12 86 75 10 13 44 78 59 97 41 66 40 54 50 29 35 2 38 32 16 35 3 54 79 97 44 1 35 32 3 0 55 39 65 66 94 97 3 92 44 42 63 94 41 31 90 78 26 44 34 2 18 5 79 86 10 95 22 39 73 91 72 10 60 4 62 39 50 18 62 31 12 28 57 32 52 5 71 1 2 20 92 58 29 98 51 21 17 25 32 56 94 26 20 58 91 72 21 85 88 39 10 85 90 18 29 79 9 19 53 37 71 78 76 17 32 66 15 89 92 23 93 66 39 31 26 79 59 63 3 80 81 89 
60 46 78 16 50 98 80 3 15 66 51 96 23 85 35 1 26 45 99 29 70 51 52 54 19 71 54 34 60 48 84 69 93 93 99 99 8 92 65 41 0 27 51 89 40 53 66 69 85 45 36 1 67 64 5 73 39 70 20 23 88 25 76 4 69 91 81 14 95 57 12 8 36 64 25 95 83 42 45 84 38 75 83 58 74 22 40 15 38 3 25 35 4 16 23 97 12 51 18 4 66 74 5 43 90 28 93 65 26 3 52 30 79 33 63 12 3 12 12 62 49 63 56 5 18 77 30 32 62 3 48 8 82 69 2 15 69 41 14 58 63 41 38 15 6 32 12 96 35 58 50 37 47 58 41 3 33 9 92 50 
49 57 89 10 56 13 83 64 12 54 50 87 60 6 72 42 82 37 64 48 97 60 89 15 54 81 49 6 86 38 84 85 10 72 97 78 97 36 64 66 68 51 47 3 4 41 38 19 71 15 84 13 23 65 22 99 28 6 6 97 99 48 24 9 77 31 78 34 97 18 91 84 27 16 62 54 49 61 42 2 93 55 95 86 0 49 14 20 76 27 44 65 62 38 39 17 57 99 65 0 36 12 85 87 7 76 30 98 19 13 87 66 73 34 12 98 98 37 71 51 3 31 71 27 55 71 90 39 59 68 19 63 61 88 13 40 23 72 76 84 88 20 4 97 35 74 76 25 0 11 25 38 16 11 58 81 62 57 87 2 
6 46 73 32 91 70 86 97 55 10 38 39 79 10 55 52 6 29 48 70 49 8 78 58 78 30 5 44 20 33 59 22 77 10 78 65 63 39 95 74 11 16 26 60 44 38 60 67 64 1 21 34 7 19 41 4 27 62 54 62 90 75 67 49 80 38 88 62 15 56 54 40 76 31 82 61 51 44 68 68 60 84 25 91 84 62 83 37 7 36 96 94 68 63 25 52 51 88 58 29 63 68 89 44 41 25 73 18 65 35 74 22 33 25 19 97 8 90 76 53 37 41 31 42 36 94 32 8 13 61 0 20 62 71 38 57 36 95 62 5 87 85 13 38 41 55 36 26 85 60 24 63 58 37 61 15 21 50 29 9 
23 72 56 4 96 80 54 86 23 31 0 78 44 57 88 51 51 87 9 68 53 21 24 66 48 56 16 12 12 10 28 70 86 43 85 24 66 65 40 39 14 8 95 75 87 22 48 27 86 29 81 8 91 41 26 70 56 23 24 6 15 54 56 36 34 0 43 80 8 15 69 31 21 7 36 55 78 70 23 66 13 38 62 33 9 56 61 76 19 63 34 57 2 67 35 50 47 23 45 80 68 90 71 8 61 7 18 97 24 9 53 41 11 98 91 79 42 98 67 34 84 84 41 29 20 71 6 85 69 78 33 77 99 54 94 52 77 84 74 70 44 22 77 9 64 86 19 24 29 62 63 68 3 73 48 87 30 33 65 33 
56 90 5 17 93 8 1 99 0 19 72 10 76 12 9 53 58 79 64 67 17 54 93 73 69 39 41 30 98 52 85 88 34 68 17 7 94 82 21 86 9 64 99 69 4 12 62 31 56 1 73 90 20 61 60 55 8 6 72 97 67 8 95 45 91 59 23 31 22 20 90 14 68 23 82 79 45 32 95 11 58 60 37 29 74 31 49 96 56 62 74 2 99 67 11 72 17 3 54 47 95 21 48 59 36 10 30 31 49 3 27 0 83 26 90 47 80 51 71 20 85 97 26 54 57 84 75 9 36 95 13 46 75 21 16 99 89 10 96 60 55 36 96 18 34 13 27 60 97 79 81 80 55 52 56 20 59 61 87 10 
95 84 75 39 19 87 57 6 42 18 79 60 33 4 9 66 9 86 69 11 2 36 83 14 93 71 46 48 98 49 84 15 30 96 58 76 85 91 89 64 26 82 73 20 62 66 34 79 17 83 80 69 27 34 94 34 95 21 43 94 56 98 64 82 66 50 33 66 59 66 19 3 60 8 78 63 23 13 8 19 21 93 97 53 75 65 61 92 33 4 49 16 38 13 14 45 36 40 80 26 72 17 53 64 21 43 60 22 50 79 24 22 26 11 23 96 79 98 44 60 27 23 40 10 52 25 33 22 3 54 0 23 27 76 26 14 75 69 42 13 98 57 57 53 95 16 41 9 62 85 81 54 21 16 8 59 14 99 23 40 
94 95 96 24 83 22 20 9 43 71 13 31 48 96 73 49 70 64 36 52 74 67 83 49 70 99 68 82 0 49 23 36 17 24 9 28 79 14 67 93 51 94 40 64 51 19 8 22 98 42 62 42 34 7 41 89 38 42 69 89 17 31 92 95 11 71 53 2 48 81 96 65 69 7 63 85 30 60 29 92 66 53 1 40 7 48 14 41 98 50 91 93 16 10 3 54 26 6 35 96 70 47 86 30 53 40 0 18 25 64 15 12 26 15 62 36 98 62 70 20 35 0 60 15 24 55 80 52 24 77 37 0 57 49 83 61 27 13 50 91 63 80 81 2 67 50 86 25 71 52 17 41 10 35 34 49 68 53 11 48 
43 50 44 71 94 47 51 25 96 18 22 97 78 12 63 39 5 28 37 9 32 79 88 18 36 93 78 49 98 51 58 22 63 26 25 19 42 3 4 94 4 23 43 47 51 9 91 62 95 12 79 81 12 11 41 9 95 56 49 18 89 15 82 34 42 38 90 59 95 23 41 49 58 26 63 22 2 52 78 17 57 70 61 69 54 71 59 69 75 56 5 4 42 49 72 55 91 64 77 77 7 6 17 17 12 26 81 71 39 62 55 25 25 49 26 85 81 16 91 94 87 80 69 88 61 8 10 81 26 89 65 33 54 49 96 50 16 8 64 64 91 47 53 51 98 0 21 32 39 93 36 47 42 99 87 52 41 52 43 76 
72 47 46 57 34 96 30 50 94 62 84 77 5 29 75 88 6 37 70 60 49 33 10 74 38 2 8 11 47 29 74 63 16 88 85 78 98 37 3 81 84 66 21 43 41 39 14 55 40 45 5 87 2 11 13 21 69 90 21 73 63 56 9 52 23 34 35 10 33 86 74 68 90 22 7 5 88 23 18 87 1 19 31 52 10 38 35 38 5 37 11 45 77 4 40 43 14 94 7 50 68 10 18 0 24 35 16 78 25 73 34 66 11 78 47 32 95 8 81 39 21 94 9 77 17 10 38 83 48 43 11 53 62 57 56 14 30 95 26 77 75 3 1 27 52 28 6 76 66 59 58 86 99 97 99 86 70 72 99 96 
82 80 69 22 26 63 87 67 49 89 25 6 63 75 5 15 28 50 91 3 40 87 45 76 52 46 15 47 81 45 83 61 53 7 34 33 50 74 15 72 7 24 5 14 70 70 86 38 78 12 40 63 37 78 66 87 69 57 23 24 80 33 62 3 52 92 58 20 72 23 3 68 87 95 59 99 90 70 36 70 9 13 85 12 73 27 95 80 7 22 50 63 45 43 36 59 56 30 54 47 67 70 87 65 63 42 84 97 62 7 47 52 86 22 70 19 19 91 83 85 0 72 86 83 19 32 83 86 31 6 54 8 97 42 51 37 74 80 66 91 91 26 94 43 28 54 38 19 11 34 98 22 99 18 92 34 13 34 70 58 
28 63 33 39 18 59 53 24 4 72 37 44 14 66 7 46 85 82 85 95 97 87 58 64 78 36 36 54 95 67 6 18 49 74 94 25 11 71 98 92 27 88 70 17 96 66 22 4 64 69 18 15 94 43 35 64 1 65 87 34 93 14 12 94 16 17 88 8 62 65 43 84 70 58 42 34 38 86 0 57 32 15 58 14 34 4 46 5 96 90 95 61 97 45 67 77 84 23 12 61 82 40 70 59 41 40 6 67 34 4 91 68 12 34 92 4 56 6 16 0 42 25 39 31 92 68 62 10 51 17 2 37 81 61 1 40 55 58 45 23 37 56 28 26 93 34 47 76 3 96 76 74 52 22 48 97 78 79 93 43 
82 12 34 52 38 96 65 55 24 34 69 89 46 67 35 72 76 89 52 81 32 52 63 47 34 84 53 1 10 31 61 30 71 15 94 96 67 89 67 18 29 25 17 50 85 31 67 68 93 17 48 18 25 37 3 10 10 67 45 50 41 68 4 1 49 8 72 62 17 12 17 50 6 91 33 89 87 57 67 92 38 18 20 89 46 20 26 53 51 51 24 32 36 25 41 12 18 16 54 89 41 52 70 4 67 18 86 5 76 77 89 12 99 40 92 2 69 54 54 48 30 37 3 72 66 17 34 21 0 38 81 53 30 2 7 83 76 41 0 25 86 41 98 65 4 9 78 85 73 24 78 65 24 75 41 25 63 64 26 44 
76 76 72 14 83 78 76 17 26 85 79 63 35 97 96 54 24 84 12 18 54 91 62 75 44 76 52 75 46 8 96 29 40 80 9 68 96 47 75 16 30 19 0 84 25 84 53 97 1 77 80 62 60 12 75 43 28 3 7 82 58 67 19 1 96 76 53 21 66 34 68 42 65 32 54 14 52 33 31 52 54 18 93 65 1 60 38 76 13 56 21 74 43 79 7 82 92 97 99 13 57 87 79 45 67 95 85 0 6 77 87 74 5 28 47 68 52 47 77 39 83 70 68 68 51 21 43 83 66 73 97 56 7 86 14 56 27 42 57 18 80 60 30 68 48 95 56 92 64 79 51 3 39 75 77 90 91 53 21 95 
78 11 59 87 44 41 15 65 34 0 3 96 55 9 47 86 79 68 65 21 16 73 6 89 69 50 98 86 42 97 68 80 86 6 83 87 7 30 51 39 6 36 35 18 70 98 51 69 92 0 72 32 19 14 80 61 50 88 7 34 62 82 53 99 31 7 89 48 70 7 80 81 2 94 41 30 86 63 83 87 14 5 4 43 43 15 86 10 33 45 44 51 0 45 59 2 38 7 3 26 75 29 76 88 36 61 20 11 92 23 25 94 0 34 99 58 50 23 29 47 82 3 3 63 9 93 47 0 34 99 36 85 27 7 11 40 94 85 88 62 67 41 74 77 9 0 82 51 18 61 55 83 59 34 90 22 78 92 24 49 
58 90 8 98 0 30 64 97 63 75 95 20 64 58 15 92 44 5 34 96 65 87 20 51 39 69 26 79 92 40 52 81 14 76 10 64 53 66 93 13 17 12 61 59 33 64 88 74 33 48 39 39 99 45 31 81 28 72 54 22 16 60 47 0 37 89 76 29 60 51 62 75 36 78 37 10 52 70 6 60 7 64 98 67 91 27 63 45 32 48 82 40 27 90 70 40 9 67 99 92 68 17 64 9 80 2 83 91 14 50 77 45 19 53 46 69 69 19 11 51 35 96 80 51 87 92 75 53 43 57 83 21 96 48 45 33 47 65 16 49 12 5 63 51 48 91 28 81 88 61 99 58 80 67 75 67 38 78 6 53 
46 28 54 74 77 25 48 24 36 43 22 53 79 80 65 94 2 65 86 91 85 1 4 21 18 75 13 57 17 47 15 58 17 55 60 6 78 10 53 35 47 65 85 35 63 37 53 6 14 29 6 67 45 52 7 61 25 4 42 27 66 7 34 93 32 82 22 44 36 35 26 6 11 40 69 75 98 24 18 93 26 29 98 96 26 46 63 26 62 10 47 95 92 25 84 99 7 83 5 47 83 36 55 77 13 52 39 63 51 63 51 88 42 97 59 99 48 33 87 48 25 80 60 60 96 61 66 47 25 25 52 24 36 42 85 97 99 84 70 85 43 95 26 51 76 14 91 69 55 92 92 64 24 69 96 56 99 85 96 57 
44 83 0 21 39 14 85 50 3 3 30 53 74 95 65 20 99 41 23 43 23 82 32 58 59 96 97 93 71 86 52 94 42 90 86 1 83 78 17 76 22 1 43 59 86 44 3 81 71 14 39 25 71 48 68 97 9 29 89 45 14 95 73 83 31 50 81 45 32 1 72 66 22 70 39 51 36 15 58 95 34 97 61 3 22 64 97 28 35 22 12 98 49 76 98 15 25 54 98 83 31 95 83 53 75 26 10 14 87 22 82 22 61 31 73 54 29 60 49 37 50 9 46 64 85 43 16 93 73 24 91 86 47 72 35 95 27 61 45 52 46 39 23 82 58 61 76 41 21 43 62 11 12 9 58 25 31 86 62 75 
28 89 64 82 65 43 1 96 38 5 79 21 43 44 74 84 82 21 87 43 63 81 44 22 24 45 80 52 21 45 64 16 40 0 33 91 98 24 67 46 36 75 34 81 53 39 85 36 27 78 45 51 46 6 14 74 39 85 40 7 54 97 3 19 2 48 82 21 32 13 22 69 0 70 41 71 35 90 26 10 68 45 57 89 17 18 52 77 97 14 60 63 37 84 42 65 37 60 50 51 87 3 94 82 91 60 93 97 5 75 48 90 12 92 21 9 5 21 83 34 37 9 27 51 52 62 6 61 36 73 31 29 59 54 14 39 25 84 40 94 42 96 72 55 51 58 79 83 86 69 58 88 64 94 55 86 13 21 86 5 
31 46 72 61 74 37 0 12 97 16 22 0 82 83 51 39 94 29 51 57 50 71 47 21 71 91 31 23 20 67 8 58 70 53 46 16 70 33 39 66 44 88 27 79 59 0 8 42 37 38 74 25 0 80 30 10 16 90 28 84 36 1 35 20 51 23 64 71 37 10 92 30 44 56 99 5 13 29 55 65 48 72 10 93 96 49 81 75 1 27 2 85 31 2 13 26 14 13 11 2 19 51 30 35 4 62 37 24 73 84 77 96 53 85 16 18 24 17 80 27 86 91 8 10 70 71 72 74 40 56 7 47 24 15 23 61 84 90 34 37 37 56 34 28 46 90 84 12 66 0 86 9 74 70 2 84 14 18 92 24 
69 41 94 43 1 56 9 2 5 72 79 49 32 60 39 29 21 62 82 44 37 80 53 21 21 27 54 9 6 23 35 76 34 85 3 50 62 50 45 74 45 27 89 69 99 69 17 11 48 41 82 95 6 48 52 35 46 83 91 95 92 86 7 12 52 22 7 25 41 26 68 57 32 31 91 84 64 86 67 14 98 85 34 15 30 64 5 68 65 34 12 63 56 90 57 43 22 20 76 56 57 18 28 39 67 7 32 68 91 29 15 30 7 21 13 1 10 81 14 74 55 62 25 94 66 4 95 98 28 22 15 1 77 62 35 15 47 1 18 13 88 21 14 41 54 71 14 98 86 41 46 30 9 93 42 82 95 62 44 53 
99 22 73 67 53 52 83 63 40 21 64 11 57 97 13 82 86 51 78 20 68 71 98 59 36 12 49 50 74 8 4 47 37 27 46 71 84 50 68 56 28 31 56 11 5 87 30 30 62 42 42 71 78 38 44 67 73 91 64 66 16 59 48 57 65 79 32 87 12 63 9 47 61 75 43 10 49 74 17 27 3 66 65 75 39 37 51 33 88 38 60 20 93 99 26 54 32 46 58 8 90 87 44 38 22 64 37 9 39 76 18 37 55 61 79 26 1 54 40 48 6 45 58 18 40 9 25 94 27 28 22 32 55 66 1 29 40 41 63 29 24 87 37 80 68 44 78 50 18 48 43 67 77 33 55 17 3 79 23 23 
2 21 63 11 21 42 68 3 13 24 57 47 1 44 79 53 73 2 3 12 19 36 70 21 58 56 98 10 55 55 24 78 29 88 16 34 30 89 86 2 7 18 7 81 48 95 64 57 69 20 4 48 60 44 35 44 10 86 93 58 47 34 45 29 74 27 45 33 81 82 88 59 25 78 95 84 57 78 10 75 14 52 29 96 79 87 87 61 11 28 33 9 5 59 10 45 94 43 94 3 91 88 54 53 74 68 11 70 12 11 56 95 71 64 74 86 80 34 23 6 52 91 65 11 77 60 28 72 13 89 87 39 30 27 82 54 89 97 88 85 69 0 7 85 50 1 82 0 7 21 25 60 56 83 55 89 71 8 81 70 
15 59 11 66 46 85 97 29 67 8 40 86 15 57 51 8 37 15 24 12 89 5 0 99 10 19 82 58 24 68 21 67 26 3 78 62 58 88 8 16 95 94 68 52 38 78 56 97 97 65 39 51 90 26 42 99 69 72 29 79 51 61 19 48 88 15 77 98 33 63 61 92 50 57 63 39 9 77 92 59 68 89 49 24 17 86 7 51 34 15 82 70 88 27 53 73 72 41 75 42 91 96 32 22 79 66 45 81 20 95 19 34 67 88 19 76 5 94 85 94 42 16 55 60 75 55 81 20 61 18 42 8 0 38 48 2 33 45 14 66 95 58 80 88 45 1 10 11 81 62 9 59 9 74 3 60 26 93 94 83 
27 39 17 88 68 72 42 83 1 71 89 65 34 10 76 57 37 98 55 63 27 9 82 51 51 31 0 56 57 26 43 27 90 80 9 43 11 34 2 56 25 27 81 98 45 48 61 0 19 68 36 81 13 38 47 5 42 44 12 51 97 86 6 56 6 89 95 55 84 89 13 57 97 50 50 8 63 94 89 33 70 83 93 78 84 89 51 28 72 14 69 0 15 81 58 17 86 39 80 16 41 97 45 32 37 10 57 69 17 32 39 59 89 80 79 72 6 37 4 15 8 48 50 91 59 90 28 90 89 62 79 33 13 63 83 77 79 55 45 86 32 60 76 52 28 58 63 76 46 75 69 95 86 58 44 36 62 49 8 12 
70 48 39 3 89 46 45 8 75 64 94 49 49 39 40 58 83 40 90 51 81 59 79 60 66 58 39 28 31 27 89 22 86 58 41 29 0 73 15 98 41 74 64 9 46 39 75 22 25 60 23 24 51 87 97 31 76 48 85 91 97 74 38 18 74 84 59 6 35 64 29 21 31 12 90 52 81 86 92 63 84 99 29 12 44 35 92 87 1 40 19 2 82 15 60 95 13 70 24 13 9 19 10 43 60 2 54 43 45 37 50 26 62 83 54 67 14 63 98 92 54 56 15 14 35 62 93 50 52 70 57 63 9 21 91 89 89 65 69 93 38 69 94 12 97 80 95 74 44 74 29 38 85 17 34 4 47 32 47 48 
56 63 4 99 48 57 3 17 23 19 81 55 94 10 0 31 84 76 36 98 8 29 74 80 65 79 44 10 93 25 99 12 32 81 68 47 42 85 48 30 49 90 27 67 37 26 23 10 62 75 18 47 63 77 59 44 3 86 94 89 25 13 79 63 69 42 43 28 38 25 17 83 41 9 79 91 56 24 9 48 97 81 88 55 13 81 29 56 59 90 76 13 27 74 36 35 59 6 29 14 64 56 99 39 33 76 18 7 99 83 9 63 34 62 38 33 11 86 77 44 22 7 94 19 69 8 25 62 52 24 19 39 98 70 7 37 70 39 51 88 77 93 79 73 29 66 79 93 30 56 21 59 68 20 38 60 26 24 34 89 
76 60 63 86 1 14 59 25 27 22 16 27 6 39 3 43 57 58 30 20 59 1 17 68 73 62 43 41 41 56 88 5 1 1 33 50 27 89 53 80 28 62 11 59 31 67 94 3 41 72 3 54 46 85 24 69 51 69 99 44 8 35 50 36 23 17 3 11 47 75 2 75 4 62 85 64 99 98 85 75 50 59 62 77 12 32 75 96 17 15 37 2 2 4 92 46 65 87 60 0 94 7 26 59 30 95 69 41 61 90 90 62 22 6 23 42 66 68 71 13 25 49 89 32 81 38 44 68 46 96 96 90 32 86 34 50 47 47 58 30 78 81 83 82 84 56 54 54 82 7 86 41 47 35 51 14 69 51 79 33 
18 76 18 92 13 81 50 25 41 14 4 76 59 60 76 82 81 45 55 46 90 26 19 84 65 62 76 10 10 38 60 67 35 72 57 35 63 83 69 85 98 48 41 10 12 3 97 77 47 72 7 80 57 47 25 42 31 90 99 15 54 26 68 81 42 77 30 17 42 10 7 79 32 76 78 8 20 15 74 39 53 13 75 39 6 74 80 7 19 42 28 41 10 88 97 77 18 20 53 45 9 45 22 39 21 55 2 42 48 47 68 24 98 67 41 55 77 35 38 2 10 15 46 24 88 75 11 4 41 10 14 81 29 33 33 54 10 53 37 24 71 7 80 69 74 15 50 17 86 82 16 71 93 77 99 65 98 55 45 36 
66 31 16 46 93 89 23 64 18 77 29 83 92 44 45 1 26 8 70 33 99 25 49 20 85 87 40 17 39 97 0 42 83 52 77 28 76 67 15 74 39 22 2 51 81 16 6 62 5 95 92 17 24 98 8 59 55 49 17 95 65 87 77 84 65 9 71 78 91 80 25 74 27 6 11 70 49 14 8 89 18 54 54 0 74 61 67 83 31 60 68 42 8 78 52 95 25 76 59 6 55 60 75 34 90 61 13 77 94 27 45 16 35 72 4 97 6 71 33 63 26 45 58 43 28 32 5 7 40 66 28 82 67 5 89 63 54 10 48 88 55 2 45 38 26 88 21 41 23 29 34 55 26 39 15 82 64 67 60 91 
15 12 53 29 29 83 26 68 96 48 14 96 50 50 45 69 63 65 87 97 71 20 56 4 11 80 71 3 82 0 49 61 76 77 9 93 88 63 25 97 41 68 48 24 50 18 74 52 0 38 38 27 38 47 11 77 72 49 48 19 3 55 83 75 75 77 79 60 14 12 26 32 45 61 55 1 79 14 29 65 66 27 31 51 98 5 37 42 31 61 9 45 72 14 82 41 2 30 34 96 59 2 21 12 85 70 96 19 76 1 14 94 93 49 24 76 1 64 92 20 23 54 31 24 8 36 96 61 13 19 20 24 19 7 96 98 59 84 19 85 88 78 16 61 47 20 84 59 32 11 78 80 15 1 33 99 10 46 85 85 
66 94 58 41 97 99 61 29 45 31 31 7 11 48 34 70 30 58 39 2 1 26 94 95 22 51 59 32 23 13 2 28 92 55 52 25 54 35 22 4 26 95 82 66 83 75 95 67 61 2 1 98 76 76 73 81 64 70 14 67 60 72 26 85 2 30 89 31 5 5 57 7 84 28 97 8 62 28 94 64 64 69 72 82 94 92 9 55 96 7 46 16 17 49 35 91 2 12 51 68 92 6 89 92 96 39 48 53 97 72 28 6 54 96 86 6 6 6 42 19 75 78 27 5 49 64 16 84 88 34 31 54 17 3 44 45 65 81 86 43 21 39 70 20 58 91 47 28 25 18 98 19 91 67 82 85 83 72 62 10 
58 82 46 50 90 9 37 95 61 52 11 61 60 61 76 9 8 81 1 75 75 74 59 26 26 28 57 91 55 37 28 81 91 83 32 33 92 69 87 69 81 71 25 47 4 73 96 37 96 13 57 82 24 70 15 93 15 63 96 67 17 9 82 81 60 81 49 58 69 33 77 73 66 46 59 44 81 40 8 96 62 54 87 7 59 70 37 0 3 3 40 69 89 35 44 80 74 58 80 6 27 61 91 24 43 30 17 59 71 54 68 48 7 73 82 86 62 49 51 43 90 41 44 86 55 81 4 10 69 28 37 93 61 95 69 99 68 35 43 81 94 27 10 14 92 93 57 82 6 89 58 72 12 64 44 14 31 55 74 85 
78 67 40 10 49 5 70 32 50 63 49 81 71 99 49 13 34 71 30 92 74 97 4 49 48 67 24 10 1 19 45 88 92 77 96 71 60 26 7 14 40 81 48 26 29 5 86 66 12 10 6 65 26 63 74 63 83 50 90 47 2 8 94 6 86 0 91 18 76 12 72 14 14 38 65 41 80 96 10 96 21 96 33 73 82 13 56 85 81 68 58 78 1 89 66 75 59 22 19 34 4 58 37 60 22 60 45 89 90 10 48 7 39 33 92 84 94 40 47 79 60 11 51 20 82 65 16 52 70 67 18 81 2 4 59 49 78 20 4 10 19 49 29 60 5 82 64 54 14 89 88 26 62 1 71 73 57 88 89 53 
83 75 85 34 59 51 34 44 36 61 26 50 87 51 1 13 98 91 47 94 64 28 98 8 3 21 52 78 29 6 93 79 53 21 1 29 46 4 51 14 59 97 84 59 88 64 9 4 86 5 12 99 77 78 23 94 15 45 89 13 77 79 20 10 99 97 88 92 84 25 19 41 46 46 94 3 54 87 1 12 74 99 72 66 90 68 70 62 55 94 92 8 72 30 23 4 37 69 19 77 49 88 60 49 84 79 72 98 15 75 7 94 55 96 92 83 9 95 27 44 19 11 49 60 45 71 51 96 10 68 38 79 44 46 79 87 64 36 72 32 15 46 51 27 95 16 45 10 21 46 2 79 85 39 89 22 51 79 35 61 
16 52 5 93 34 83 72 0 50 44 33 83 23 48 95 34 30 92 94 72 95 70 0 93 68 38 67 30 6 54 30 77 48 84 26 50 26 64 63 88 38 4 26 65 57 68 37 43 20 52 18 13 67 59 52 36 19 84 22 56 8 78 76 97 61 84 73 48 47 79 70 13 30 84 59 25 7 21 85 0 7 38 66 99 83 30 17 57 35 84 31 16 78 66 72 14 46 30 38 87 17 1 55 11 49 14 27 39 8 42 80 75 56 58 90 31 72 7 51 21 68 11 11 50 16 9 9 40 47 16 17 38 16 80 29 52 65 33 82 26 14 21 47 48 66 96 68 41 78 50 77 77 55 86 28 25 61 81 84 54 
84 51 37 77 13 32 18 71 55 29 43 71 88 22 20 98 48 97 7 27 26 7 74 44 13 94 39 95 77 39 60 99 47 3 11 99 97 59 60 86 12 59 73 54 65 29 7 82 12 78 55 96 0 13 58 28 64 26 88 58 41 81 77 14 51 63 61 63 82 30 56 84 68 75 97 96 16 85 45 26 25 13 22 33 91 39 72 44 29 22 79 98 27 61 65 81 33 97 44 3 70 36 21 35 65 10 29 80 22 21 47 55 0 73 74 96 81 63 51 87 67 3 3 93 2 90 84 61 74 90 31 77 85 97 38 41 22 53 50 75 6 29 21 83 37 74 89 41 44 67 99 95 0 50 55 81 73 67 32 17 
31 12 81 6 9 82 26 24 17 99 12 84 41 78 72 93 76 70 53 61 90 6 1 35 36 61 75 19 15 76 21 7 82 53 39 55 57 43 9 50 12 88 29 35 72 65 84 60 24 77 42 19 69 55 29 19 56 70 64 96 89 23 24 39 44 82 32 44 69 6 12 11 1 87 66 4 58 86 90 55 73 13 0 86 4 37 41 88 41 61 39 86 27 49 66 20 64 26 85 86 15 51 80 83 5 37 49 84 57 97 33 6 39 61 49 1 3 62 52 75 94 13 46 62 39 12 93 8 65 65 24 57 16 93 29 36 90 83 38 54 26 43 88 30 72 65 21 49 30 2 68 34 18 13 25 38 38 20 58 75 
43 85 9 93 97 45 24 91 21 25 46 57 32 36 90 65 77 67 45 13 74 87 48 71 55 65 16 96 35 4 81 39 86 45 90 75 34 54 79 45 42 50 49 7 42 33 58 10 53 2 95 44 54 21 92 82 41 82 2 51 82 93 13 24 71 86 54 68 2 80 99 62 45 7 11 5 28 98 28 15 13 14 30 12 27 83 30 56 2 76 27 87 66 54 48 72 78 83 15 23 49 57 50 20 29 49 72 3 72 35 0 80 5 20 46 94 41 59 47 7 3 47 55 80 55 47 29 92 62 40 48 89 73 22 79 47 69 99 55 47 22 76 26 97 6 9 21 98 26 23 23 83 14 7 36 85 86 38 42 44 
23 55 28 83 93 79 67 77 53 61 29 70 50 10 73 42 84 20 90 83 39 88 40 43 42 95 20 10 75 76 82 27 40 19 26 42 32 79 27 71 68 64 81 72 2 96 0 70 26 51 8 49 90 44 27 16 7 88 54 61 98 44 36 12 62 89 33 12 8 93 41 23 28 16 18 59 0 95 46 34 69 57 80 17 51 70 35 49 17 29 54 10 36 69 93 22 94 87 95 10 63 51 82 2 80 52 65 3 85 0 8 61 86 90 14 88 89 1 69 78 23 0 86 92 43 32 40 47 8 89 34 16 77 44 56 4 52 91 67 37 29 87 87 87 34 99 23 4 15 37 4 56 84 47 47 42 80 84 35 76 
52 18 65 32 12 5 33 55 11 94 17 60 14 72 80 58 10 85 90 49 44 80 34 69 32 84 83 14 97 3 81 73 80 99 39 73 43 21 73 74 74 67 91 66 90 21 20 62 73 20 48 74 21 88 37 71 28 37 9 20 79 17 1 40 46 27 20 42 6 62 20 40 24 10 76 62 80 34 76 83 11 96 70 23 32 77 80 47 18 66 85 66 74 10 3 86 26 69 58 8 15 89 5 14 69 49 56 89 81 3 1 40 99 46 95 0 45 12 13 12 68 90 68 16 38 63 89 78 39 53 55 14 14 57 12 5 41 60 0 0 77 53 73 34 49 51 32 45 35 56 97 78 3 66 99 70 40 67 44 51 
78 80 78 7 3 27 23 31 8 43 69 14 48 52 21 35 90 16 87 74 3 29 32 68 47 29 57 56 93 71 96 4 74 77 76 1 3 56 51 32 22 25 57 34 7 44 26 72 42 82 48 40 43 37 31 99 6 72 35 99 7 6 68 15 33 64 58 55 96 6 23 66 31 6 31 19 66 32 67 31 11 29 59 10 75 20 36 87 28 82 44 30 42 49 80 57 15 92 85 42 60 0 4 62 17 48 40 39 81 57 95 3 12 81 40 52 70 5 47 15 1 34 5 56 2 98 50 48 92 64 5 24 74 78 59 51 27 22 75 61 98 60 72 23 30 43 8 35 39 12 83 58 74 64 14 44 71 64 97 18 
37 23 82 84 79 90 45 67 68 17 39 55 75 4 57 31 86 48 5 95 49 26 39 32 90 97 45 38 57 34 99 74 20 40 43 82 68 22 10 3 76 94 83 16 40 75 53 29 76 70 98 80 51 41 66 23 88 88 6 35 25 38 62 98 86 53 91 3 29 5 41 20 54 5 49 76 59 64 45 9 93 40 14 34 11 18 67 72 96 77 29 68 62 99 90 35 48 20 70 73 51 47 45 3 65 68 8 20 71 0 82 87 91 82 83 92 42 9 89 68 40 28 17 82 56 37 7 58 93 52 36 69 86 18 92 34 96 15 94 80 53 43 94 12 28 97 49 54 13 53 46 93 95 77 0 47 34 7 90 85 
49 85 53 85 83 5 32 71 92 58 83 15 68 58 73 76 87 63 5 79 12 0 10 9 27 59 66 33 4 0 11 51 19 55 7 4 66 10 32 28 34 7 60 80 61 30 55 91 27 85 43 66 73 30 22 86 66 89 54 34 73 65 50 51 43 79 58 74 50 72 86 65 1 58 89 16 42 0 6 33 80 82 49 62 2 48 15 74 60 78 22 46 65 94 64 83 61 7 7 15 95 87 72 97 27 71 12 48 27 66 8 34 15 21 83 33 58 43 43 17 93 3 69 2 13 29 49 40 93 93 64 13 75 91 70 72 11 43 57 28 88 62 67 98 6 71 81 30 45 85 21 71 40 93 9 56 43 2 45 61 
21 50 2 16 26 94 40 16 26 96 5 77 25 87 64 51 94 45 30 63 37 23 59 85 40 50 31 89 6 67 68 57 53 95 17 45 45 95 94 24 33 58 7 71 71 33 73 0 3 37 10 22 81 84 4 22 58 12 39 85 75 97 29 34 56 37 42 20 94 49 17 86 47 70 91 12 26 9 16 31 34 41 21 68 13 25 45 19 62 74 80 6 0 60 59 17 4 91 37 3 33 24 78 35 25 88 61 62 21 68 7 61 15 39 91 29 20 65 38 69 23 83 30 3 22 26 34 86 84 27 96 83 51 92 51 32 67 36 56 0 44 30 73 96 24 80 25 61 2 66 23 32 12 29 91 55 45 8 50 17 
11 90 86 55 83 41 91 79 3 66 80 19 11 50 13 49 70 54 32 83 11 16 55 64 47 94 34 23 96 24 20 17 58 7 89 38 73 80 27 70 35 70 18 1 98 79 97 68 16 67 1 57 90 63 67 24 96 87 13 44 98 9 87 56 98 52 50 41 77 48 32 1 48 83 25 69 11 96 12 30 13 65 98 34 87 22 36 59 60 52 98 97 91 89 95 15 97 45 64 46 63 55 10 34 18 87 88 34 60 62 22 42 88 78 15 92 85 60 82 39 50 27 1 1 74 88 7 33 11 24 52 6 85 51 95 63 18 67 0 36 26 40 1 87 76 34 41 6 25 80 48 49 0 85 37 7 76 96 91 83 
98 92 12 29 48 97 93 32 94 70 3 30 22 77 25 95 16 92 19 38 72 69 14 88 68 85 94 1 51 29 23 3 73 97 94 21 40 10 31 53 34 31 19 31 37 55 53 38 67 50 39 7 8 56 48 12 12 48 77 49 14 19 30 19 24 53 13 30 66 20 23 20 46 47 26 0 56 54 31 82 56 29 44 74 80 83 65 48 68 20 74 42 15 75 96 45 42 62 82 37 46 78 40 29 72 15 38 31 63 48 27 16 1 32 84 66 27 22 41 97 9 85 3 52 67 24 10 0 73 85 6 3 57 8 79 8 70 32 47 92 16 7 84 52 14 55 56 15 60 69 72 42 91 53 93 66 16 23 87 6 
76 58 93 88 3 76 77 16 31 18 20 49 65 0 78 25 42 69 96 20 94 24 34 19 81 13 55 90 17 88 5 44 71 78 53 34 44 61 72 45 86 84 50 73 84 28 93 47 16 44 33 60 87 94 40 67 35 94 60 82 59 96 47 46 74 94 46 19 72 45 92 78 12 78 24 89 74 51 63 38 68 80 73 74 69 36 86 3 12 93 87 39 32 20 39 96 48 39 18 57 80 8 59 7 77 50 65 33 90 68 48 26 29 27 34 51 73 99 85 99 71 26 90 60 3 64 81 85 20 70 34 75 38 32 98 81 56 72 97 76 3 24 13 7 60 98 65 13 18 20 64 59 39 42 10 43 4 17 3 63 
51 77 47 24 59 88 62 35 75 55 13 37 46 73 54 12 38 26 52 33 41 25 29 71 84 56 89 44 56 36 61 23 34 34 56 99 23 50 56 21 19 19 81 97 80 42 23 49 53 45 54 30 31 61 44 43 86 28 44 39 14 52 15 91 23 11 9 86 29 73 53 65 40 74 26 53 75 0 0 81 83 76 43 98 95 47 70 69 94 40 66 92 21 89 62 12 54 80 51 92 47 55 57 49 18 22 16 43 83 34 45 58 49 4 12 13 71 39 97 92 86 87 29 90 89 70 56 40 98 56 54 75 85 23 52 45 84 3 71 48 55 37 3 78 97 8 21 87 82 46 15 48 90 42 84 5 92 86 53 75 
7 85 9 79 11 31 62 83 18 69 69 75 71 25 40 27 96 86 0 30 13 62 69 11 15 3 7 70 96 96 31 33 35 14 47 57 11 38 82 2 21 71 3 99 57 64 66 12 48 94 9 39 51 73 72 29 83 75 51 59 8 83 44 32 37 39 54 22 86 58 11 17 35 88 43 83 63 32 87 48 48 0 3 3 33 47 33 22 2 23 91 26 53 67 0 21 82 76 38 44 71 61 36 75 91 61 89 19 40 15 14 89 60 75 67 1 72 41 4 92 51 78 83 62 65 8 40 1 9 58 82 26 33 76 55 48 47 91 80 64 70 91 10 48 35 84 11 61 10 10 31 74 52 16 51 26 28 26 70 91 
42 43 2 90 15 49 18 3 12 66 17 84 26 1 60 88 53 31 94 30 71 5 5 25 80 83 56 98 19 79 37 67 60 11 36 8 49 35 27 10 26 21 2 82 51 37 39 9 73 79 1 89 94 57 85 1 21 24 45 33 74 88 13 53 34 15 4 3 46 65 78 11 29 79 55 21 57 2 89 77 33 6 12 87 6 38 31 36 43 84 26 31 76 38 41 19 35 81 42 85 43 56 73 30 51 62 18 73 53 0 44 60 28 28 46 76 82 69 73 43 73 33 38 24 77 2 22 49 85 66 72 37 92 43 63 55 10 87 87 68 49 48 49 76 14 71 90 65 93 26 36 38 40 78 85 88 14 3 19 42 
88 36 35 20 57 55 65 4 50 31 35 91 34 37 92 59 4 1 59 33 49 5 90 50 57 21 67 86 67 57 6 18 92 64 56 32 81 77 51 31 31 62 24 78 43 16 73 68 94 97 70 62 7 98 87 48 31 32 33 2 40 36 2 76 10 59 53 16 83 7 25 48 38 85 73 42 93 23 16 15 78 24 67 29 22 98 27 27 29 11 51 26 70 97 44 68 42 77 98 89 31 24 10 55 59 60 57 28 41 49 54 70 0 69 38 3 89 52 17 36 39 74 89 54 74 93 63 60 80 37 92 37 70 2 34 10 47 26 55 45 87 84 17 31 94 86 42 16 4 7 81 69 39 14 52 1 55 52 48 15 
42 41 35 27 15 95 75 15 26 94 77 3 74 8 25 34 48 9 86 86 61 90 36 23 3 48 2 95 96 30 90 20 43 36 94 29 96 54 33 67 28 89 1 83 34 30 89 40 84 52 70 68 25 2 34 60 87 39 30 41 82 0 82 74 35 74 81 59 29 76 31 53 29 98 36 43 93 48 27 54 35 75 62 2 17 85 9 31 6 37 38 73 39 18 75 9 7 88 5 85 39 90 78 56 91 81 6 18 97 45 70 40 75 95 80 45 8 27 15 8 0 52 96 86 38 86 26 51 69 32 77 4 32 75 49 87 91 6 5 46 12 71 82 45 75 96 62 6 8 30 85 8 78 31 38 61 74 86 25 97 
98 78 19 55 17 3 30 49 96 73 9 48 86 55 29 62 62 11 84 96 67 9 56 1 46 14 93 75 67 53 42 30 42 5 94 47 6 0 3 92 39 94 79 10 13 57 24 95 60 88 59 40 60 30 71 63 25 5 23 98 34 78 65 47 21 2 25 55 17 26 26 0 29 62 98 27 50 83 95 62 21 14 83 34 21 47 58 41 53 9 43 31 2 8 52 8 66 22 32 12 15 49 36 65 14 99 64 85 38 95 49 93 99 14 54 25 73 35 23 87 58 33 26 2 71 46 19 74 55 57 3 2 93 95 41 15 23 22 11 52 4 53 71 42 77 62 89 21 44 98 75 33 41 87 91 65 85 49 84 38 
3 33 8 97 73 37 96 41 3 20 84 29 50 81 70 5 61 2 28 95 74 20 5 94 32 2 74 49 79 54 77 17 97 10 86 8 61 29 53 13 63 71 69 71 29 63 83 19 46 54 81 4 58 18 6 51 54 78 68 48 50 55 72 40 60 14 68 76 43 17 81 50 55 28 97 87 97 54 96 4 42 66 91 97 64 42 64 69 32 68 32 30 82 57 48 5 27 57 13 71 40 85 6 64 86 33 79 63 8 76 94 53 8 75 6 11 92 67 17 89 64 92 15 39 41 58 95 35 66 64 0 89 26 28 74 73 37 6 17 47 23 63 97 84 85 95 6 56 27 7 85 21 60 93 10 40 42 71 27 36 
59 26 68 56 84 72 26 55 21 31 29 79 53 22 12 0 10 39 61 89 3 28 92 53 32 4 54 98 80 75 94 56 8 29 94 96 90 51 64 10 32 30 68 96 7 25 40 31 90 32 19 84 39 1 88 52 15 58 59 6 33 82 59 67 72 28 6 88 42 48 53 69 44 61 78 3 6 82 56 4 50 85 57 49 97 8 98 84 39 81 71 84 27 60 72 54 42 18 73 70 6 88 40 72 50 84 16 73 88 37 59 51 51 98 28 62 12 87 8 5 91 34 54 95 47 29 16 0 22 97 64 50 4 27 26 7 19 58 7 29 48 58 53 39 66 33 89 49 85 25 44 10 5 32 23 99 52 6 58 19 
10 70 53 37 99 76 20 23 88 30 67 63 55 5 75 48 48 15 60 92 71 99 46 31 0 53 45 77 48 84 19 2 86 26 42 79 24 53 16 7 40 99 60 32 62 32 22 17 58 85 33 2 90 56 19 38 92 36 59 94 23 4 21 79 86 36 90 13 87 55 65 37 83 32 75 18 79 87 48 59 71 15 17 5 69 6 0 47 93 80 42 97 25 22 74 9 45 74 34 92 71 94 65 35 15 3 55 2 80 34 23 9 65 7 99 34 2 94 37 34 20 95 99 93 56 67 79 76 99 26 30 64 57 56 62 72 2 22 56 82 27 83 63 69 47 14 26 60 88 78 49 69 70 66 21 4 57 48 21 39 
31 70 69 43 36 95 47 77 48 35 66 40 79 57 17 65 51 80 94 26 19 5 25 40 51 44 56 89 85 37 53 24 74 36 60 53 21 11 62 56 25 21 60 6 98 98 0 18 66 99 51 51 87 12 31 63 17 34 65 8 18 55 15 6 70 82 78 35 27 74 39 18 0 9 44 84 10 9 48 27 70 15 10 12 26 84 11 91 50 48 22 44 29 38 30 16 14 63 27 76 26 41 30 20 3 56 48 2 40 48 82 80 96 94 49 70 34 20 15 98 18 47 49 77 24 60 8 80 39 20 0 28 45 50 12 98 1 94 41 33 28 31 80 26 64 50 55 59 91 33 35 94 79 0 84 13 4 65 65 53 
74 1 43 8 9 47 19 39 96 99 11 50 74 35 1 41 66 65 61 38 46 54 58 56 60 91 56 38 65 27 73 44 83 17 48 88 49 4 90 6 72 44 57 84 49 69 59 29 51 56 49 63 12 38 12 82 64 82 71 68 50 71 21 55 96 71 40 83 21 13 31 66 12 77 79 34 62 7 50 20 78 25 51 92 22 76 48 79 32 89 15 15 96 91 5 16 40 43 89 2 24 85 94 79 71 55 96 93 51 46 80 62 72 97 33 0 61 82 59 29 97 23 59 90 49 57 7 77 51 53 83 32 5 52 93 86 4 74 86 68 32 24 47 56 60 19 61 32 17 12 16 11 59 96 63 32 46 96 58 19 
70 92 82 26 95 31 81 41 72 36 93 59 67 68 35 28 89 55 35 38 29 2 64 89 57 8 14 1 75 37 73 63 46 70 98 94 49 42 31 60 84 39 95 95 13 84 56 3 33 37 14 81 67 19 45 14 74 96 29 63 72 42 22 92 69 69 43 29 64 51 74 97 63 35 4 32 29 89 41 7 45 81 27 35 9 17 16 71 46 89 7 41 80 61 34 19 86 89 53 86 14 63 93 8 4 60 82 37 27 80 44 60 96 35 63 10 81 47 93 78 20 52 55 13 88 93 43 22 17 92 2 29 65 39 80 30 54 66 82 69 57 17 31 10 68 19 92 84 59 98 24 77 63 5 79 97 87 74 66 89 
2 10 58 50 66 46 35 20 1 66 84 78 7 22 25 27 4 62 53 48 14 95 90 49 45 98 43 10 16 36 64 92 94 35 54 55 71 79 92 38 65 3 16 67 6 3 18 90 22 21 65 89 10 25 20 49 22 48 13 78 65 35 5 58 64 84 1 10 11 71 53 29 85 49 64 41 63 25 35 21 17 71 89 61 69 63 92 57 22 52 37 17 82 70 65 39 67 5 37 92 91 9 50 3 57 24 25 35 39 73 59 45 44 12 59 88 35 22 19 58 17 20 90 91 40 22 84 7 47 57 53 93 5 68 95 69 29 81 8 3 65 94 19 48 33 21 84 51 64 2 26 0 72 87 49 94 23 90 86 58 
5 40 72 44 11 86 61 62 39 96 87 26 48 80 0 84 28 27 34 89 21 61 19 17 51 0 12 1 71 57 48 93 42 71 9 99 13 40 34 10 7 9 89 37 18 21 23 30 3 0 43 41 78 89 35 74 32 25 70 13 71 28 69 48 74 86 27 50 75 70 56 91 68 66 15 42 43 7 80 85 9 38 97 34 68 66 22 51 53 90 18 41 67 99 70 68 5 77 52 40 83 65 25 45 64 92 4 75 3 19 30 98 82 51 25 15 26 25 78 4 64 78 37 23 29 59 34 42 3 14 44 92 26 37 92 45 8 73 85 91 73 67 31 19 12 54 77 59 50 78 76 48 53 4 73 78 91 6 9 81 
80 37 19 40 55 63 20 85 73 13 42 65 9 13 51 20 67 95 7 62 50 45 62 29 47 38 42 19 50 88 5 70 83 74 62 46 70 31 52 76 50 35 88 19 99 13 37 57 76 34 38 97 80 0 9 69 15 89 48 0 18 48 31 35 25 26 87 53 13 92 62 29 51 61 11 4 47 41 54 64 1 12 16 66 21 27 63 52 36 20 19 60 19 38 46 57 83 6 42 26 41 72 89 95 17 81 20 56 49 48 74 86 72 13 23 95 0 57 70 38 37 81 21 38 11 88 12 31 69 89 81 27 54 39 80 24 22 30 60 3 88 40 43 28 16 40 7 53 28 77 51 98 62 5 95 71 5 9 18 46 
93 4 37 75 2 51 8 45 39 26 1 59 71 57 92 94 94 31 5 77 32 14 48 95 46 86 82 49 55 81 20 69 24 92 56 63 59 79 22 80 17 21 43 74 57 69 43 88 96 15 28 57 50 97 72 7 87 43 28 39 99 65 0 0 2 46 8 97 35 84 12 25 57 17 66 90 28 75 69 96 26 84 21 21 56 14 1 93 32 44 26 31 57 15 53 15 53 60 54 13 97 18 54 99 5 46 12 68 44 54 83 46 43 76 61 67 23 74 92 55 74 99 30 89 47 87 0 90 62 79 1 93 16 21 82 80 84 21 99 16 2 18 82 24 27 73 32 69 7 90 30 42 67 48 7 46 34 64 95 25 
8 88 73 18 68 91 79 51 49 2 45 43 95 78 63 86 44 44 75 34 15 93 66 93 41 33 33 33 15 81 80 56 64 60 55 79 92 28 33 59 2 14 74 23 53 26 43 19 57 82 38 97 51 84 54 5 72 75 62 3 84 90 35 37 5 30 12 17 83 59 87 60 52 17 29 32 59 97 10 81 98 2 39 36 1 87 30 17 35 50 7 76 21 79 89 30 93 6 47 28 39 27 76 28 19 53 73 2 65 41 39 87 76 2 71 5 56 63 20 20 45 91 56 33 44 30 7 66 62 46 78 83 7 10 87 11 94 77 25 53 30 82 75 6 19 96 90 89 10 24 57 11 39 95 87 12 0 0 79 51 
9 55 9 38 16 94 37 65 54 72 93 47 88 89 86 28 85 53 74 48 24 42 44 11 76 54 81 75 5 73 40 17 69 0 97 56 92 20 67 10 59 69 2 84 94 60 85 52 65 75 83 57 30 23 72 26 59 25 26 46 26 9 9 13 14 14 0 38 82 2 94 46 14 10 41 37 38 78 92 96 61 85 22 85 6 78 3 15 94 80 11 43 88 9 50 73 66 35 36 47 75 50 37 61 20 9 25 60 97 81 48 20 34 47 80 82 41 80 44 99 54 73 56 94 41 18 6 80 78 70 50 14 33 92 16 45 66 72 59 41 70 84 48 56 61 46 12 16 59 57 37 76 15 38 91 76 66 92 16 64 
97 20 23 52 69 91 52 87 69 18 67 6 30 97 82 84 38 60 63 14 38 13 89 85 75 62 21 40 17 35 3 53 40 9 79 29 86 6 48 70 99 10 16 86 55 74 24 34 4 40 59 96 42 59 94 36 78 86 89 91 58 92 15 40 45 68 6 32 51 47 98 34 43 43 61 23 49 82 51 40 32 20 88 42 94 39 48 19 38 67 99 54 72 37 19 45 72 71 96 84 83 69 38 58 85 22 20 24 59 46 33 42 39 78 36 22 83 10 74 18 47 57 59 84 74 54 3 21 44 91 33 23 47 81 77 44 87 74 30 34 35 29 47 29 11 5 84 97 47 36 14 56 82 80 78 34 46 18 90 94 
99 72 93 1 5 76 72 27 41 22 85 45 45 1 89 72 16 49 62 76 94 71 20 1 23 32 68 42 51 24 86 62 28 85 5 88 27 59 4 8 28 37 78 12 83 86 53 51 94 82 27 43 91 80 43 35 44 63 31 96 68 42 70 86 15 7 24 33 65 76 98 30 10 48 81 12 14 26 20 89 13 18 61 50 5 8 19 85 22 54 30 94 80 21 43 75 44 94 33 64 11 12 72 31 43 1 44 67 80 31 88 16 55 34 11 85 71 11 13 44 17 82 86 87 50 67 41 50 56 5 1 68 34 87 70 34 1 71 26 50 29 75 7 0 47 89 7 44 48 20 21 94 37 84 54 69 25 47 51 97 
87 11 22 70 67 73 58 19 68 72 68 95 92 82 78 14 89 35 25 79 51 82 87 96 96 6 97 77 50 27 69 82 2 82 19 78 97 17 93 0 24 20 70 4 86 17 94 36 47 81 85 58 79 71 76 44 17 58 96 64 37 10 65 82 67 28 13 10 81 72 63 88 40 16 76 24 50 90 93 68 22 22 43 46 67 25 93 62 40 73 46 31 90 20 36 76 41 25 97 59 80 45 24 81 72 54 90 38 73 55 28 57 88 34 63 37 36 51 43 82 41 94 86 41 42 72 69 77 2 55 73 63 0 60 59 66 13 78 98 52 3 24 14 94 65 61 10 63 56 30 38 19 77 4 93 56 52 94 98 3 
92 47 73 56 58 59 24 61 46 22 94 95 23 5 39 36 7 50 22 20 12 54 44 88 47 56 12 40 91 53 65 41 8 50 22 97 57 55 61 6 78 49 75 55 61 99 61 72 27 47 97 14 78 92 86 94 12 28 9 78 35 79 88 8 11 84 64 98 77 76 87 20 22 84 74 36 73 55 26 59 76 23 14 17 79 0 80 44 66 98 91 42 6 41 23 44 18 99 65 7 74 3 11 65 43 1 6 50 60 62 19 9 12 10 29 17 89 31 52 48 55 47 36 93 75 24 16 95 7 98 94 35 29 93 63 23 10 88 52 88 83 51 33 36 61 15 64 13 65 45 32 13 82 91 3 47 66 21 93 48 
12 22 6 18 94 83 60 10 53 77 3 73 14 8 69 97 13 41 6 54 94 45 19 70 89 62 95 78 2 43 52 4 41 66 30 13 0 34 69 20 68 23 19 86 23 13 37 56 38 31 98 27 46 30 19 42 55 61 40 22 84 74 19 72 47 40 94 11 70 40 78 70 6 26 41 95 13 1 11 69 2 83 47 89 15 68 91 49 59 16 30 46 7 60 38 3 82 86 83 76 25 75 60 78 25 88 87 73 5 44 90 23 88 66 37 10 67 11 36 10 5 70 82 39 8 90 53 38 11 45 7 91 99 14 91 76 87 7 44 90 48 56 33 17 32 28 10 22 59 16 99 28 6 11 6 55 95 48 63 33 
35 70 40 25 45 63 21 71 41 34 55 59 48 79 63 32 53 33 14 42 17 64 63 99 17 46 60 60 98 39 63 13 10 99 77 87 81 77 75 13 8 77 96 25 15 44 63 39 36 16 45 56 66 17 79 7 34 66 72 91 49 35 9 22 81 92 2 14 94 44 52 27 78 25 40 57 51 55 48 19 3 45 89 73 30 84 13 35 41 17 5 11 84 13 63 70 94 89 24 81 61 12 28 74 93 7 1 71 36 61 45 52 30 99 3 86 12 84 62 87 32 9 0 4 46 37 20 54 18 51 64 95 14 30 35 54 14 12 9 54 36 90 61 17 77 98 22 51 75 90 25 0 86 97 69 30 83 63 65 36 
79 35 27 2 11 7 59 16 49 77 70 38 92 96 38 17 35 7 50 6 48 49 15 74 73 11 60 72 48 58 72 76 20 15 92 87 72 15 3 26 35 10 66 15 91 18 7 77 80 55 7 45 47 36 87 72 75 22 81 33 77 10 78 87 75 95 84 9 77 73 7 89 95 95 20 76 60 59 88 65 88 75 8 28 96 80 14 17 61 94 86 79 58 73 85 79 73 14 82 1 87 67 75 58 14 53 71 4 53 2 42 46 44 5 44 30 91 47 44 33 75 1 7 38 87 51 12 22 74 23 3 70 41 0 50 51 11 23 31 68 6 71 46 49 26 86 15 25 66 38 20 57 68 28 16 87 20 72 6 3 
59 68 7 79 34 48 44 81 79 83 22 45 22 51 61 86 88 4 66 10 72 31 87 26 86 7 84 15 29 79 1 98 18 6 25 80 42 1 4 86 62 26 70 15 53 77 5 45 19 60 87 49 8 5 49 1 46 43 98 84 37 69 85 92 32 77 5 70 65 22 2 82 95 27 87 61 25 39 61 33 25 87 82 72 59 33 20 54 73 22 74 18 12 27 59 8 9 99 25 8 76 17 6 25 93 27 91 27 9 57 70 2 13 33 12 96 25 22 28 78 80 35 91 72 50 36 84 92 92 67 67 36 29 84 42 64 12 63 10 54 76 9 92 55 62 30 21 95 39 18 22 44 9 30 59 41 10 58 5 17 
26 31 41 84 38 20 1 58 70 94 15 32 36 2 32 21 75 70 71 38 86 93 26 35 37 41 82 93 90 97 92 96 93 91 6 59 76 85 99 37 43 54 26 41 1 87 55 58 75 32 49 69 62 84 92 76 2 77 47 38 47 41 43 17 2 34 63 81 51 90 39 81 0 74 2 6 97 4 83 51 43 65 7 89 68 28 93 65 83 35 96 0 94 38 7 35 47 16 15 58 79 41 23 79 71 98 75 53 4 64 34 94 10 80 15 88 89 43 14 88 24 63 47 87 71 95 83 98 26 72 99 68 66 81 47 78 5 5 59 85 12 96 73 12 36 90 3 71 68 54 90 69 53 50 10 47 47 58 37 13 
70 3 22 85 76 84 94 98 28 98 46 64 19 67 30 45 63 40 14 5 57 8 86 52 92 65 33 95 87 77 28 95 83 78 49 94 74 51 58 76 51 48 2 69 50 83 28 30 3 85 96 11 29 67 29 28 53 29 56 75 88 32 82 29 17 44 84 25 19 88 6 98 9 92 58 27 69 43 70 17 62 46 87 42 15 99 32 42 40 77 28 12 22 11 65 24 61 32 29 27 10 49 85 38 64 41 25 4 33 40 34 81 77 23 20 43 44 1 7 13 84 92 38 27 8 88 39 11 21 19 30 22 82 78 91 33 61 42 36 51 61 99 32 66 44 49 98 21 40 61 60 85 54 76 31 35 71 79 46 19 
18 46 17 43 2 6 60 18 76 87 13 41 99 6 77 46 91 83 20 64 1 85 52 8 45 91 36 6 88 74 82 0 56 6 28 44 84 62 72 64 82 71 51 35 14 55 11 43 50 36 53 60 6 37 40 36 13 45 82 98 99 67 11 59 65 99 91 71 19 83 68 10 24 64 54 98 0 50 37 80 16 65 85 34 31 87 86 30 68 24 81 50 74 77 54 80 18 57 16 93 98 13 91 39 20 34 60 49 81 66 80 73 49 6 55 24 36 19 64 80 51 14 26 1 65 43 81 76 55 68 6 78 1 9 1 83 85 54 12 33 42 77 88 7 41 11 63 5 98 36 45 73 26 90 39 77 0 89 69 60 
33 97 90 66 10 20 33 21 29 6 71 10 98 23 0 77 7 49 68 85 24 87 11 64 68 92 5 19 36 58 12 61 90 0 34 88 70 75 89 96 50 34 84 50 58 4 84 12 16 15 50 57 30 88 92 42 40 89 2 39 56 56 77 11 55 2 64 70 56 93 48 11 93 70 13 89 5 98 57 46 49 29 37 32 70 37 7 61 40 51 47 70 59 75 14 84 84 62 30 47 42 4 21 58 74 97 66 50 75 35 28 72 31 9 18 33 41 73 88 8 14 8 97 86 22 19 0 1 63 97 78 96 38 49 17 89 98 59 24 50 24 87 59 2 60 94 7 19 73 0 39 22 65 33 63 39 17 35 28 66 
36 65 92 86 6 5 0 60 91 2 15 77 15 13 90 3 41 98 85 46 32 29 93 45 20 85 59 34 50 67 14 54 87 79 66 67 88 45 22 80 11 1 16 83 73 79 12 63 85 82 11 31 70 48 18 35 76 66 80 85 32 51 5 4 21 97 24 96 5 3 22 63 49 66 5 11 27 84 95 24 22 20 13 18 67 51 61 5 40 66 43 48 21 9 51 55 14 43 58 21 59 47 57 91 7 73 31 55 38 34 5 36 41 51 27 77 69 26 29 48 1 74 62 99 32 74 60 56 65 23 51 51 67 20 50 1 31 83 33 28 24 6 77 23 67 13 67 64 36 39 38 97 13 2 97 62 44 54 29 2 
55 77 23 91 32 85 82 3 27 72 48 20 69 42 79 35 11 26 36 68 33 44 86 25 39 1 70 26 68 56 10 2 79 76 27 75 43 67 88 94 18 72 17 77 23 36 33 65 64 16 13 36 18 30 66 10 37 77 1 67 82 9 57 76 28 4 51 27 9 8 0 11 80 92 99 71 62 5 62 73 7 69 33 64 90 83 55 95 96 12 46 7 82 68 74 12 80 80 4 25 7 15 9 58 94 72 92 90 41 43 10 26 94 59 28 40 91 40 81 81 24 82 77 96 96 12 9 30 76 47 27 88 4 42 63 31 90 96 21 96 12 63 56 6 83 39 89 4 96 59 43 64 82 7 84 94 87 56 94 72 
6 49 84 34 56 23 44 83 95 31 19 39 56 36 31 42 56 33 59 76 84 86 2 41 87 32 40 21 63 70 89 68 89 86 65 25 75 4 76 88 87 89 43 2 26 73 74 2 21 56 21 68 47 69 46 5 82 25 10 49 71 19 8 25 46 75 80 42 2 54 29 95 11 26 48 61 97 92 6 47 85 24 81 86 64 97 8 59 55 89 84 16 28 72 83 48 56 17 35 69 56 32 71 97 67 49 77 27 87 6 51 56 32 72 81 98 4 37 2 87 84 81 27 9 6 88 96 40 38 94 11 72 61 19 41 38 23 32 67 65 49 18 19 83 80 15 62 57 45 91 14 12 19 44 50 78 95 88 35 75 
97 16 4 55 75 20 35 86 35 58 20 29 72 80 7 30 77 96 46 80 68 64 51 14 44 88 79 43 72 99 79 62 80 71 10 71 66 6 26 41 43 50 66 53 79 32 34 21 46 47 80 97 68 68 44 14 96 20 64 11 54 0 83 93 50 49 89 61 35 94 45 57 45 57 4 24 54 24 60 23 14 64 3 78 14 48 33 26 77 28 60 79 57 49 66 10 47 38 10 7 14 24 94 96 41 84 54 36 91 66 64 37 32 94 72 19 39 71 85 99 23 16 16 11 75 69 56 76 1 84 86 12 45 0 95 25 53 21 95 24 74 55 6 30 64 8 97 16 15 39 99 79 51 81 84 79 12 70 63 3 
67 99 3 27 91 16 44 75 12 66 58 20 26 48 71 85 22 38 34 31 16 59 88 45 65 80 82 56 23 76 57 37 58 0 56 84 8 2 64 40 79 67 93 33 33 2 36 45 73 74 71 47 88 41 5 1 98 13 44 13 89 77 48 81 78 7 41 56 97 41 20 50 43 2 97 45 28 73 64 96 33 82 66 74 22 20 45 35 98 12 84 58 91 10 72 43 94 70 11 78 40 99 21 6 33 40 92 21 65 75 45 14 53 0 88 95 66 93 97 32 57 53 18 18 67 37 83 35 10 26 0 19 97 19 2 90 32 76 79 99 95 66 38 5 82 20 30 40 50 92 15 60 50 98 47 81 91 1 58 41 
41 49 21 84 6 23 81 90 99 54 89 5 16 66 85 42 66 58 49 58 56 60 24 21 50 99 5 66 56 81 34 59 77 24 19 68 99 25 41 19 78 83 87 17 60 0 87 38 81 60 52 7 20 20 55 52 58 34 65 0 44 70 61 21 26 65 25 89 82 96 25 50 87 39 70 46 0 37 57 14 13 22 3 13 57 35 68 8 49 12 26 59 45 3 49 31 74 57 15 71 80 53 56 71 26 21 33 17 34 75 73 65 55 23 66 65 74 4 0 77 41 40 99 10 30 67 19 4 5 51 68 41 91 33 22 53 18 49 90 82 45 50 89 67 75 63 73 16 67 42 65 23 36 14 42 64 38 97 34 28 
12 40 0 46 7 21 97 79 24 15 55 39 76 19 15 36 70 71 30 15 41 3 49 36 74 82 50 53 8 29 86 75 26 3 60 13 62 72 7 0 33 44 46 71 93 7 29 6 80 17 31 29 74 22 75 31 13 86 20 37 63 82 27 51 20 45 73 71 85 49 66 79 20 21 61 44 63 97 99 59 5 88 81 0 17 52 89 54 60 39 69 38 83 18 75 8 18 88 9 19 26 70 65 26 23 81 32 46 94 98 92 27 38 88 21 59 45 37 51 55 38 62 57 50 16 87 10 58 45 71 71 29 12 68 93 55 87 82 85 86 36 22 90 33 96 14 22 29 77 62 86 66 32 74 40 89 74 83 62 43 
69 2 26 30 32 81 15 34 34 85 41 59 94 85 68 45 86 26 56 94 66 53 47 6 19 34 90 98 79 22 30 20 93 69 82 84 15 99 98 1 97 92 39 54 79 8 19 30 89 14 16 36 30 46 20 71 86 17 59 3 98 34 47 85 6 87 6 53 8 66 59 85 95 82 45 34 78 43 60 25 87 11 24 3 79 77 85 49 21 64 32 65 97 43 78 93 17 89 93 36 87 43 81 39 36 47 8 2 83 34 58 44 83 48 29 81 25 6 67 3 69 12 30 87 48 26 64 10 34 72 69 81 73 17 89 50 41 82 61 45 12 20 77 93 8 2 56 67 57 13 82 20 80 29 99 92 97 11 4 60 
58 62 34 79 46 52 92 66 56 75 77 34 82 60 35 22 86 89 10 39 64 2 47 13 20 11 47 33 39 44 48 4 96 97 64 89 76 90 71 69 93 9 34 74 85 57 71 97 96 80 64 81 53 30 19 45 28 76 10 15 67 23 75 80 60 71 85 40 54 93 34 35 98 84 67 99 14 9 27 66 33 53 64 78 48 16 37 98 22 83 72 77 12 83 5 70 5 55 21 76 77 87 42 88 91 51 97 82 88 94 47 74 11 71 92 38 6 97 5 70 86 32 55 87 24 4 34 25 22 19 14 36 93 52 82 12 93 75 70 65 84 65 39 58 62 10 48 27 66 55 1 89 39 75 60 39 12 91 49 26 
16 61 7 62 47 73 17 27 20 4 14 55 92 32 66 73 21 64 41 63 88 79 72 95 21 52 48 19 24 2 59 75 21 46 90 27 6 54 86 47 26 53 0 78 80 47 45 81 49 16 1 41 69 22 57 79 41 96 37 4 73 64 1 7 82 62 6 59 25 62 31 82 65 41 28 64 30 34 8 22 22 27 14 32 95 62 86 2 12 19 90 10 91 42 25 87 63 69 63 20 84 93 29 95 10 96 97 60 96 81 5 40 68 94 29 12 70 48 88 36 73 91 43 45 37 21 9 58 54 6 10 47 94 68 46 95 93 83 75 6 9 30 9 51 99 7 33 8 6 52 86 21 70 19 78 70 7 60 82 39 
48 93 42 5 83 14 31 7 50 38 13 7 36 88 25 52 0 17 32 15 77 60 89 41 19 35 4 24 47 62 5 99 82 37 77 24 73 19 32 0 76 80 56 68 43 42 62 89 21 43 25 10 59 14 93 52 35 16 62 40 64 44 97 70 8 79 63 31 62 59 90 69 5 95 51 34 92 97 76 26 83 0 32 6 2 80 38 43 80 77 95 7 91 99 54 4 67 37 34 15 22 80 67 0 65 66 4 62 52 18 9 21 15 83 29 17 16 66 38 47 22 59 57 71 76 62 9 60 44 35 4 59 20 96 74 92 67 99 52 74 77 74 43 20 61 92 76 66 17 51 12 38 14 34 58 32 46 81 6 55 
60 75 41 1 6 56 67 58 71 58 79 55 26 99 18 61 58 92 48 69 10 42 99 53 97 80 33 46 9 18 8 58 39 94 13 43 14 29 17 71 68 80 89 92 77 94 22 17 62 71 28 55 25 70 33 84 16 35 79 81 85 44 7 72 36 35 39 42 8 98 41 43 51 99 18 91 20 83 7 38 93 46 73 30 97 76 72 37 83 23 29 57 85 31 14 98 67 28 93 55 11 88 35 48 98 22 40 87 36 0 70 40 54 53 51 16 90 33 82 48 43 76 71 26 88 83 64 68 99 63 4 55 45 7 20 52 66 63 45 92 87 15 12 20 75 61 30 39 91 37 43 69 9 37 5 80 17 4 72 22 
14 4 61 80 99 91 7 99 29 4 61 45 39 43 51 12 92 60 35 18 65 35 9 1 52 63 75 25 51 28 24 35 74 58 48 87 88 36 66 28 58 53 35 2 62 17 1 89 15 20 47 36 81 86 68 17 56 1 39 41 33 38 28 68 73 89 79 37 38 9 43 98 25 65 89 0 69 20 83 22 86 64 91 89 12 9 3 84 22 41 62 52 29 21 62 76 41 85 75 54 4 25 11 33 51 38 93 47 88 6 49 40 14 61 66 68 43 82 53 89 43 72 35 17 32 27 86 53 60 49 64 75 5 31 58 15 21 0 47 50 78 53 25 92 19 50 26 3 71 21 74 87 58 59 58 60 31 96 11 22 
24 7 38 72 64 95 90 6 56 8 88 45 70 88 98 24 87 27 85 86 73 63 70 27 58 24 19 4 59 11 49 48 72 71 5 49 62 84 89 13 79 27 53 7 88 46 43 3 44 17 92 6 65 43 92 77 8 99 90 76 15 81 5 6 84 5 72 18 32 83 40 4 38 75 39 2 6 64 19 90 64 31 75 56 44 41 99 36 91 11 90 12 49 16 93 74 70 58 50 34 33 97 28 70 1 66 5 13 19 99 48 6 6 85 30 44 42 82 12 60 58 97 94 39 54 94 49 5 68 69 83 41 78 83 17 59 60 93 16 50 86 24 51 53 20 28 71 64 53 29 94 42 42 46 99 6 69 96 4 70 
35 40 48 51 21 26 97 74 99 59 70 86 43 75 81 46 70 39 9 95 26 28 85 34 76 71 22 41 73 32 13 97 83 16 25 18 76 47 74 58 64 59 48 8 65 75 95 41 33 82 95 91 20 67 52 94 30 76 4 7 75 42 33 78 29 24 27 55 56 65 87 97 60 50 11 90 24 64 88 1 32 79 70 51 16 5 48 83 36 87 40 35 32 9 73 48 91 75 30 17 56 8 81 28 33 61 61 86 59 2 91 42 1 81 71 22 76 91 53 65 13 72 26 21 74 75 82 82 68 20 69 7 12 74 50 37 49 22 4 4 88 64 36 38 11 61 13 42 16 71 56 90 97 62 12 70 3 78 92 56 
18 67 72 60 6 2 25 30 29 57 16 78 43 64 72 2 66 55 10 88 63 44 55 17 21 95 76 91 50 48 97 16 55 7 33 65 27 8 29 14 23 5 0 17 24 39 40 28 50 38 12 58 75 72 52 91 35 50 75 38 48 18 32 74 30 5 20 81 45 85 97 50 78 71 14 10 7 6 60 76 82 19 95 14 55 37 92 6 31 60 92 31 53 12 45 43 50 96 94 1 68 14 56 64 95 74 25 68 92 65 19 93 63 55 57 84 63 71 23 77 86 11 46 75 19 94 28 74 32 9 69 76 54 63 0 35 77 65 96 64 36 97 22 76 73 69 99 0 74 69 1 35 40 11 94 28 26 1 72 71 
18 16 96 13 84 16 47 13 88 85 30 59 15 97 0 88 25 98 25 48 72 77 92 58 48 51 4 35 94 51 47 41 56 21 76 94 58 50 22 74 92 46 48 24 12 80 78 95 35 54 12 58 97 70 65 16 52 43 29 58 29 95 66 57 24 12 11 39 71 26 14 72 81 38 5 18 48 72 43 14 8 68 8 5 73 86 37 47 13 71 26 34 86 53 56 69 73 68 10 67 55 0 82 2 96 83 82 90 98 20 65 71 62 14 57 5 16 12 59 86 0 17 50 41 7 10 93 20 91 2 24 57 95 67 94 28 86 56 54 3 10 17 94 66 53 20 49 75 44 66 76 31 96 56 25 41 59 35 2 24 
46 22 4 72 20 3 50 46 81 68 71 87 49 6 0 65 86 65 97 6 51 33 48 17 42 16 68 55 58 8 23 34 43 96 44 74 61 14 35 34 88 95 89 32 70 7 82 29 96 0 61 55 48 5 52 13 64 9 12 61 6 95 54 80 35 67 81 86 41 60 10 16 47 5 39 61 79 9 63 49 19 21 67 9 48 28 78 28 42 82 44 60 29 24 69 92 73 58 11 39 3 35 26 41 20 0 41 63 91 5 0 0 95 64 67 81 62 73 38 51 48 8 94 46 24 59 45 27 49 80 4 67 79 19 6 33 60 63 52 96 84 42 40 31 95 31 92 66 95 8 58 8 77 2 81 63 45 61 3 41 
45 14 3 5 1 58 2 25 94 79 29 36 95 95 26 53 41 8 42 49 69 71 32 39 96 18 51 44 55 35 32 63 87 98 75 54 42 24 13 4 3 44 2 48 63 82 93 18 84 41 8 54 3 76 76 82 63 14 55 35 47 15 96 94 2 69 42 73 91 33 80 56 26 41 38 89 82 15 13 1 89 32 1 16 94 95 29 2 63 33 33 2 92 4 54 54 58 83 81 69 59 22 77 3 61 96 70 77 91 23 51 11 39 86 71 67 92 11 93 17 66 17 61 74 92 4 49 61 47 30 80 12 92 38 46 70 14 61 67 20 62 94 94 65 89 65 64 85 48 45 28 60 6 27 62 66 3 38 67 5 
41 35 5 12 94 42 89 67 76 84 21 70 51 37 74 87 71 73 42 11 4 61 41 79 64 56 67 24 0 12 13 97 70 1 6 58 46 59 4 38 15 11 30 99 4 19 67 10 96 33 9 1 29 56 86 43 18 13 73 89 67 14 16 15 70 97 45 23 93 81 29 76 4 29 55 73 21 1 29 88 50 80 91 40 16 37 45 69 60 98 23 51 62 8 70 8 30 92 6 52 92 55 54 17 58 16 51 26 20 18 55 42 9 33 79 1 60 61 54 74 61 91 19 48 94 78 25 2 73 8 46 24 4 8 61 61 62 87 93 29 27 54 42 84 22 19 15 85 17 73 88 55 41 96 95 3 60 21 91 44 
50 19 0 78 36 72 9 6 77 70 51 26 89 99 76 38 69 30 45 56 6 15 52 11 76 51 5 31 64 56 34 47 63 7 81 89 97 76 52 4 28 85 71 45 97 71 85 97 11 62 73 92 91 46 17 90 13 16 27 10 59 89 30 54 19 39 81 3 43 78 93 7 78 92 57 4 91 46 23 42 30 8 83 94 31 34 93 28 35 33 28 95 44 30 14 65 89 56 15 18 34 5 7 88 74 14 56 32 51 33 46 6 4 18 89 35 44 64 9 64 62 51 20 45 98 37 45 50 34 8 88 81 62 12 17 37 74 94 53 80 29 88 62 91 38 34 34 94 71 8 35 3 28 96 3 66 43 40 86 99 
34 93 56 56 73 73 63 25 40 10 17 61 44 4 19 86 88 63 56 29 51 70 43 49 58 46 45 25 54 30 81 3 86 96 8 11 46 54 55 58 30 51 78 2 84 5 21 83 76 23 6 22 32 92 51 81 23 45 38 8 38 44 1 10 77 17 82 98 57 50 47 3 92 92 90 55 61 31 26 52 32 76 13 41 63 36 3 52 5 15 55 98 24 96 91 18 95 46 79 75 41 43 53 35 91 47 73 0 85 52 48 58 5 8 76 44 12 36 0 18 32 31 77 44 0 38 9 89 19 69 94 4 68 13 71 36 73 8 43 53 29 73 0 32 33 70 99 41 75 88 52 75 67 87 90 88 63 72 56 75 
25 52 95 48 58 57 80 82 58 71 79 95 78 33 29 57 66 0 14 83 16 40 61 55 37 29 65 20 96 39 8 64 92 22 44 24 99 66 19 64 20 5 51 35 25 13 65 19 4 66 57 72 15 68 75 50 31 83 29 29 8 87 82 39 50 71 18 24 52 36 62 52 20 82 84 77 1 32 61 55 56 7 72 33 55 40 20 93 14 73 29 99 92 55 49 68 65 72 42 74 49 23 40 43 88 71 83 5 96 87 91 8 82 18 64 54 83 69 89 85 16 45 0 65 18 22 26 73 65 32 61 15 7 5 18 10 0 52 98 39 65 58 19 30 72 33 6 88 4 58 5 91 65 69 30 91 81 87 73 10 
54 29 78 47 57 71 71 97 20 3 60 87 59 20 65 76 16 37 42 58 82 20 63 87 50 49 99 1 45 24 10 60 22 58 0 77 5 77 85 74 65 88 38 83 33 94 28 86 47 84 92 93 28 74 30 53 40 60 10 1 32 82 44 60 74 22 5 46 13 90 9 9 58 45 64 42 93 57 52 44 3 49 63 55 6 43 63 97 46 14 92 56 45 84 14 53 14 51 31 6 1 85 2 96 80 93 28 48 96 63 97 51 77 40 52 21 65 65 15 41 5 43 83 79 54 83 20 25 54 14 34 10 69 49 46 2 29 92 26 33 97 84 72 59 15 76 49 63 50 63 20 56 1 1 38 51 93 33 63 59 
58 45 34 14 25 9 59 71 65 18 86 30 70 37 44 67 36 60 57 7 2 76 18 48 1 74 78 65 53 66 45 17 47 9 39 76 72 10 54 62 61 33 61 26 62 83 17 22 46 62 12 30 6 85 70 49 42 8 28 99 11 56 78 95 45 16 53 22 67 86 78 49 62 59 12 16 48 69 17 42 50 94 29 85 65 87 53 89 15 44 43 69 56 72 67 68 76 63 62 12 42 58 26 4 94 42 59 15 86 46 11 59 84 53 13 49 32 60 60 64 31 12 24 15 88 65 22 16 75 94 87 21 87 63 79 16 31 78 9 75 47 76 44 34 92 47 6 92 22 32 82 24 55 65 44 4 23 33 79 47 
16 37 33 89 97 12 41 18 85 59 30 53 33 58 68 26 36 11 93 29 18 81 32 33 81 63 24 25 82 13 2 50 49 70 72 73 82 95 82 17 57 15 38 5 62 10 55 98 74 78 98 60 79 49 57 14 14 84 43 84 16 24 17 80 34 50 71 53 13 16 66 67 81 59 2 26 20 82 23 20 55 72 71 23 59 0 62 13 31 65 16 67 79 19 66 53 38 15 25 32 46 36 57 81 10 80 89 14 78 78 34 19 90 47 54 36 88 76 69 70 40 2 79 27 34 63 46 13 37 92 74 51 89 15 58 83 34 50 11 4 52 22 31 38 14 2 66 37 8 19 55 38 28 58 91 4 4 66 61 34 
0 60 68 58 29 83 19 77 45 83 45 20 68 83 94 32 38 21 68 66 37 54 67 61 59 2 75 26 93 84 6 54 56 62 62 95 75 39 65 29 85 82 17 14 79 33 67 16 79 23 84 34 30 71 5 4 1 5 80 47 78 94 71 18 85 90 75 78 23 86 38 33 43 12 63 35 92 19 62 99 97 35 69 87 4 57 64 59 10 10 41 62 99 55 50 0 69 89 27 66 63 83 75 45 61 3 32 16 44 68 3 66 88 18 92 36 86 23 80 59 22 67 44 79 52 60 57 10 32 15 66 86 86 9 18 6 90 42 52 62 70 39 72 27 73 22 24 74 22 62 95 95 49 78 99 93 30 6 4 74 
81 29 50 10 21 58 54 93 87 83 7 12 60 91 27 32 45 75 88 54 64 5 85 59 37 41 48 50 44 33 59 23 51 4 18 4 33 85 97 68 86 94 63 8 68 78 7 67 19 11 68 43 37 6 83 19 53 23 83 30 35 7 0 38 60 69 97 90 38 47 36 73 52 17 8 76 97 94 30 57 59 59 34 29 22 56 76 98 37 76 82 98 34 31 65 24 26 98 16 92 84 30 73 75 77 69 18 91 99 76 88 73 31 49 69 88 46 58 36 74 29 29 44 14 45 79 29 86 5 38 89 21 24 52 26 24 68 82 75 23 26 38 3 60 21 95 30 59 11 26 45 53 37 39 1 58 59 34 10 0 
39 9 48 4 39 65 4 44 26 25 85 6 96 42 66 31 42 0 54 47 14 78 27 41 34 3 2 3 19 39 81 63 59 11 27 54 87 1 46 96 52 4 66 48 44 33 16 70 92 66 88 35 72 43 21 46 31 79 65 78 16 12 30 3 84 40 0 68 12 90 10 94 68 18 98 29 30 41 8 67 54 6 32 29 99 80 0 67 88 95 16 91 10 26 36 36 10 38 46 53 39 78 27 66 6 7 33 24 64 48 59 99 74 3 60 90 36 42 22 19 82 9 26 67 50 69 83 88 72 32 2 46 53 71 45 59 69 71 99 56 25 25 50 42 81 22 95 22 68 44 23 48 44 82 63 90 17 38 59 63 
6 5 0 79 22 83 12 25 67 92 89 86 99 2 34 64 96 91 45 31 3 26 85 73 15 47 75 67 65 77 10 16 62 25 63 58 42 8 39 90 40 83 49 96 38 43 66 7 91 27 55 33 75 16 95 71 80 87 85 63 2 68 74 97 77 19 44 81 33 9 85 34 55 5 87 54 76 60 51 22 39 37 3 25 92 7 61 64 10 60 26 59 49 97 22 47 46 69 0 36 85 61 85 29 10 25 13 70 58 54 51 4 0 47 19 45 78 72 79 53 54 68 76 26 46 38 61 80 50 28 8 3 70 31 87 44 52 66 2 95 43 66 64 15 37 32 68 92 10 15 99 49 7 56 72 58 89 13 68 8 
23 15 65 29 54 61 9 49 66 54 35 57 69 75 16 43 95 52 81 26 84 45 81 50 29 9 13 98 77 87 2 58 92 98 13 81 10 60 1 0 93 87 67 5 28 55 45 47 34 56 17 88 45 78 30 11 78 91 55 97 18 38 98 96 34 79 46 72 58 49 31 76 3 41 66 65 97 35 9 23 73 80 38 80 43 11 22 29 52 60 63 57 57 19 95 26 72 96 98 86 44 37 16 92 68 21 0 17 45 14 51 91 65 43 18 58 1 78 35 73 72 70 24 32 73 55 32 86 98 25 94 11 44 52 0 13 91 16 51 53 40 82 67 18 78 87 79 13 15 58 49 98 34 76 8 31 34 41 10 76 
64 56 39 12 79 1 72 77 85 38 21 53 16 46 4 42 42 71 24 91 91 77 40 94 13 1 90 89 6 73 44 59 93 44 33 91 53 52 14 8 42 34 80 81 53 54 3 4 93 82 14 51 1 15 5 27 22 16 6 19 91 33 82 65 42 20 28 27 49 85 51 15 54 4 27 39 78 72 65 48 23 56 92 88 0 85 38 9 92 34 29 25 77 34 45 27 59 37 48 18 28 51 65 68 98 56 2 13 40 51 15 46 21 26 83 40 10 29 8 66 71 25 38 21 42 60 4 92 60 12 81 85 46 18 69 14 68 67 70 58 78 64 60 25 26 27 85 52 73 27 1 93 70 55 69 35 97 65 57 74 
29 40 11 47 44 66 78 30 16 55 43 13 57 93 74 71 87 96 40 45 24 61 11 38 89 41 76 78 24 36 7 67 20 50 57 14 18 75 93 76 84 27 28 59 66 43 8 70 84 95 65 7 19 21 45 91 2 51 14 97 69 84 32 52 83 77 10 46 98 20 38 40 92 62 18 60 34 50 12 1 37 59 9 49 35 48 65 89 55 98 45 0 95 23 55 25 49 54 99 80 83 76 97 59 42 55 61 14 18 1 72 57 4 23 30 2 45 8 44 32 1 40 49 79 85 15 87 2 72 99 8 31 47 75 62 4 10 6 68 37 90 84 76 78 96 11 59 95 13 51 37 1 37 75 98 86 2 90 71 33 
91 81 29 94 87 77 44 36 99 94 39 77 67 0 29 27 74 15 67 52 61 64 69 35 45 87 86 96 46 18 87 19 44 78 46 86 4 76 88 98 40 47 71 92 5 65 84 35 75 32 66 3 61 9 67 64 34 91 26 64 8 81 39 9 1 64 71 44 73 79 9 72 52 59 40 86 53 58 50 96 36 83 20 1 51 50 2 55 85 19 58 2 65 63 68 89 17 8 94 89 55 84 1 6 67 85 60 28 38 72 46 64 4 77 37 59 92 47 29 6 28 65 98 77 85 94 57 78 76 90 70 20 76 31 52 49 78 34 24 72 46 1 28 29 14 94 90 19 75 14 2 9 71 5 91 44 86 83 66 12 
95 22 43 95 15 10 92 6 6 21 48 4 77 29 63 91 34 88 67 82 11 47 21 28 70 83 42 42 93 87 27 13 86 8 30 0 79 25 62 82 70 0 47 69 46 86 22 4 1 47 16 42 2 12 87 10 1 15 26 52 11 78 10 90 18 67 16 56 29 15 45 5 9 35 80 60 11 6 19 3 94 86 15 82 72 2 13 82 19 9 34 88 45 30 98 25 53 56 99 14 62 23 67 18 84 6 39 41 23 72 73 76 33 75 63 54 92 69 0 81 8 45 62 44 63 72 55 80 57 33 51 85 90 47 93 92 22 77 63 29 43 97 12 12 32 89 19 14 47 97 37 33 64 5 36 12 0 2 30 4 
87 20 14 98 95 17 97 55 18 30 47 12 60 32 76 57 87 76 38 20 69 23 82 19 7 35 32 96 76 50 47 9 67 15 85 92 98 4 77 10 52 81 11 11 31 48 16 47 19 47 99 39 78 7 64 85 21 18 15 25 57 4 98 69 68 35 17 99 55 0 57 61 84 18 89 64 96 53 64 21 77 62 73 81 12 94 99 91 75 82 14 61 44 81 21 73 33 23 17 62 45 67 90 16 14 19 21 9 28 44 31 77 14 75 9 55 51 24 36 31 28 45 75 35 59 79 76 71 60 54 12 64 67 33 48 89 8 31 42 92 2 74 61 16 55 96 31 44 96 14 18 70 25 84 5 9 44 50 12 40 
43 77 16 44 47 82 3 50 10 31 58 61 40 94 90 46 92 53 69 83 55 47 65 7 79 99 12 47 46 16 59 68 49 3 83 98 87 1 82 91 70 41 10 7 72 60 38 66 60 88 40 2 42 5 69 1 7 3 87 4 18 70 75 8 49 91 55 54 35 15 57 0 30 31 87 70 76 16 58 27 35 40 41 13 29 44 61 90 5 65 69 47 27 32 11 28 55 26 43 46 35 69 65 81 89 16 91 79 75 55 40 54 38 22 96 33 39 15 98 22 96 22 73 31 63 75 50 73 13 78 38 16 47 40 63 39 91 9 20 6 56 21 45 1 63 37 45 88 12 62 52 34 69 5 17 2 3 76 29 72 
33 88 36 83 48 18 93 7 0 73 1 51 69 50 88 17 56 20 85 67 27 31 73 39 4 32 75 56 87 43 48 15 84 85 57 36 97 44 90 63 22 90 92 63 52 43 62 90 58 81 78 25 69 42 87 83 1 83 4 81 46 70 56 19 29 82 76 71 50 69 82 79 5 21 81 60 67 40 59 88 9 47 84 89 99 45 87 58 63 25 85 73 14 75 4 0 43 45 45 15 33 52 53 9 60 25 79 8 90 32 37 43 24 78 47 15 32 60 12 68 40 71 31 75 20 49 21 15 37 57 58 14 64 79 30 53 78 70 6 63 37 22 10 67 80 69 28 68 52 36 65 30 17 46 10 7 23 87 30 76 
91 72 49 43 37 38 89 75 18 94 34 67 13 74 37 56 93 60 98 97 79 98 75 52 2 23 30 42 45 35 2 31 29 98 35 78 12 44 34 53 26 58 31 35 56 39 47 97 37 30 71 67 8 82 69 5 12 26 20 24 32 0 50 64 6 20 76 5 92 98 71 15 0 0 45 17 10 43 22 21 92 51 18 32 10 94 89 92 7 50 49 51 81 88 28 4 63 60 57 31 89 15 55 17 47 64 50 4 30 99 62 65 35 3 25 51 53 72 55 96 30 63 34 80 16 2 9 37 98 47 49 18 75 58 76 87 75 43 15 45 2 88 98 95 94 59 50 56 10 7 29 87 1 22 9 60 91 54 64 79 
24 46 82 10 4 8 26 79 39 7 51 75 75 98 53 80 86 57 64 95 97 49 5 23 12 38 53 89 33 29 16 49 41 91 76 26 11 79 57 71 48 18 66 89 77 6 53 95 1 91 73 34 3 35 99 93 79 19 37 30 96 60 68 21 67 27 12 55 11 86 36 62 83 81 37 2 0 14 98 77 28 86 43 83 89 82 31 46 49 22 44 84 96 25 28 1 67 4 60 20 15 5 11 74 28 41 50 2 30 57 49 23 50 60 5 81 36 56 6 78 84 96 9 20 10 86 78 72 98 9 98 43 43 65 24 25 57 72 35 20 34 53 72 77 0 46 54 59 0 62 90 18 25 13 28 89 88 64 55 86 
68 99 93 44 23 9 11 25 87 82 63 63 36 22 41 17 98 60 96 79 16 80 86 61 55 7 40 93 23 17 51 14 32 77 32 9 51 77 57 27 0 3 21 30 4 34 10 88 24 46 6 69 48 29 59 10 81 5 92 1 5 88 7 5 91 17 51 24 88 95 74 65 15 74 26 71 74 21 21 81 67 99 17 66 92 23 2 14 52 54 84 51 71 0 89 96 70 91 2 29 22 60 40 35 93 10 29 35 54 89 32 61 5 0 24 56 22 55 0 61 43 99 85 81 66 76 95 51 88 48 57 49 14 55 29 36 2 75 16 48 88 36 36 59 0 89 80 82 70 34 84 72 26 52 80 69 59 50 42 18 
38 4 70 64 19 18 61 55 86 27 61 31 23 25 40 92 62 58 70 82 26 25 53 61 63 25 35 4 9 34 17 90 30 3 13 33 4 38 74 50 29 92 45 4 69 28 59 4 25 16 92 18 54 64 81 13 85 20 5 22 63 12 17 76 44 8 29 56 83 23 23 86 8 22 83 27 29 83 37 67 14 14 34 82 22 81 63 63 39 84 3 69 79 93 88 32 99 80 90 5 45 49 20 16 91 81 10 3 63 11 75 78 88 70 28 2 70 74 96 24 48 2 10 67 76 63 39 26 25 60 24 67 24 19 85 23 12 21 28 17 34 57 47 76 10 72 38 20 33 14 4 46 82 6 51 71 37 34 53 60 
90 75 40 71 67 85 79 98 57 95 9 43 32 50 50 37 11 85 68 91 22 75 32 71 64 40 93 99 75 81 12 26 30 63 5 57 28 68 95 40 11 66 46 17 47 79 6 96 60 25 41 88 63 94 1 86 60 58 23 24 1 81 40 62 82 71 85 79 58 15 50 94 99 40 63 63 17 83 31 28 1 1 86 83 54 68 23 54 48 42 90 56 4 23 34 62 54 65 69 19 45 6 72 26 65 84 55 64 84 60 98 31 49 76 27 64 55 7 96 70 57 56 67 21 67 79 79 39 83 13 90 12 27 85 14 69 94 26 62 7 12 24 0 89 71 42 36 13 72 14 71 28 93 98 27 27 59 35 22 77 
80 54 46 44 67 46 48 6 19 92 40 92 41 63 9 12 11 86 78 39 51 84 2 79 30 4 58 21 95 19 79 61 50 35 78 79 53 0 92 25 14 86 24 57 51 16 45 90 1 49 4 54 19 9 40 75 45 57 27 77 63 34 83 30 25 93 62 74 19 16 42 95 57 70 13 17 36 11 34 8 49 66 20 80 85 78 28 36 88 4 49 93 82 59 2 11 79 82 17 72 88 48 54 27 47 71 47 97 36 58 43 11 63 47 82 4 39 2 76 85 71 65 92 48 39 45 93 53 7 49 55 62 80 99 0 26 92 58 32 96 71 83 98 30 90 96 61 75 16 29 59 69 15 60 38 69 45 71 0 69 
14 19 82 47 22 18 57 10 52 26 95 28 91 74 47 23 65 46 47 5 82 56 89 17 73 50 32 47 97 40 64 93 76 73 66 64 63 16 71 15 66 10 3 57 12 5 95 49 46 75 24 28 23 6 73 78 93 76 94 50 56 2 24 19 47 14 1 63 48 63 83 60 10 38 74 99 42 19 55 76 13 61 18 49 72 11 73 82 18 21 77 26 79 17 40 15 93 10 36 83 99 35 21 67 76 92 2 71 93 81 99 72 36 83 8 90 33 38 90 94 83 11 35 39 23 20 86 13 26 32 65 36 67 74 8 91 58 78 59 89 69 13 69 87 73 15 71 77 2 42 89 23 22 35 69 58 30 74 87 5 
40 26 93 58 23 94 77 62 76 8 69 55 58 55 20 94 3 15 19 10 91 3 68 1 7 64 38 78 61 8 70 91 34 90 63 53 55 43 89 46 93 77 1 3 85 7 76 52 94 58 76 33 9 99 96 71 43 15 31 80 74 61 94 80 80 32 57 79 68 42 9 46 40 59 74 63 71 77 59 89 27 80 47 50 82 99 83 56 38 32 14 88 67 83 1 7 57 92 74 1 85 27 84 43 43 97 89 67 92 27 97 2 55 56 47 10 2 72 8 68 93 3 5 81 6 48 70 97 35 55 67 30 86 19 75 67 0 80 73 28 3 70 99 14 98 48 64 26 70 55 69 72 1 7 21 77 56 76 8 91 
21 38 34 99 40 78 72 84 52 54 81 99 48 68 52 63 17 44 38 19 20 1 18 81 5 82 14 25 96 16 2 56 15 61 40 30 55 48 85 73 68 62 56 42 87 57 7 89 89 38 68 21 61 82 29 61 89 58 44 16 95 18 15 70 55 63 54 95 20 48 85 17 24 91 96 81 72 6 17 67 89 98 59 41 8 1 17 60 38 44 25 35 96 55 92 88 72 87 83 83 27 80 53 83 95 6 5 46 67 89 32 33 17 50 98 12 20 61 75 90 38 11 53 65 84 86 80 69 32 12 41 97 69 39 43 45 44 28 77 62 96 53 7 45 50 24 59 66 52 35 45 55 73 93 65 65 36 31 25 53 
67 67 86 27 92 36 17 20 34 95 62 82 56 40 24 67 43 97 22 72 19 50 64 8 17 42 71 27 10 29 84 77 1 93 33 24 25 22 59 54 73 69 18 2 58 83 11 85 19 44 52 50 92 57 63 76 41 46 27 40 99 61 19 20 35 59 18 39 46 94 53 51 94 91 0 89 32 69 64 51 36 0 91 7 88 16 45 58 61 65 35 42 24 22 57 66 33 41 99 95 55 98 63 21 20 68 50 49 91 9 71 79 44 11 31 92 28 94 63 10 30 20 22 2 1 66 53 81 39 64 34 41 81 51 13 22 58 35 22 47 5 13 27 62 83 25 27 1 65 26 59 58 13 72 85 80 34 11 92 79 
58 84 74 40 75 61 56 91 98 85 14 69 39 75 47 17 60 72 30 21 20 65 9 54 65 89 13 55 12 33 65 38 21 38 10 50 12 97 22 18 52 37 39 72 55 99 94 87 30 16 7 30 31 36 32 11 16 54 35 62 16 34 30 47 10 32 35 1 12 92 7 58 96 1 35 14 60 3 83 45 46 58 6 87 42 99 83 98 80 62 71 19 85 8 25 8 37 88 50 98 67 87 52 17 53 44 2 34 36 6 79 67 23 97 54 13 81 34 89 80 78 71 25 3 54 48 21 77 23 50 60 51 12 2 69 32 66 95 43 77 46 25 32 71 20 48 44 2 40 89 53 99 74 15 45 20 20 29 99 90 
62 58 56 3 83 48 32 61 72 85 44 87 26 17 49 24 25 90 75 83 32 38 69 63 76 48 35 9 5 90 19 26 36 36 24 45 25 54 9 15 0 17 52 77 67 27 6 39 8 14 49 86 48 20 64 71 79 56 62 81 57 28 72 40 94 90 14 23 69 86 44 55 76 69 97 42 4 9 1 32 34 55 65 9 19 73 69 6 59 61 40 9 35 49 22 73 43 70 60 80 55 19 89 23 71 16 29 85 71 82 51 55 49 88 72 7 26 9 63 23 10 57 87 49 51 91 46 70 50 89 20 80 28 48 17 52 37 83 42 13 8 30 47 67 78 7 26 10 93 16 24 1 92 19 76 66 98 41 73 49 
21 68 12 87 76 16 81 61 69 66 65 97 37 5 41 76 24 57 23 44 17 43 71 57 91 56 17 46 70 78 89 50 84 66 83 8 23 59 88 55 66 86 29 18 31 52 11 25 19 0 58 82 15 9 41 24 4 0 74 76 43 15 46 62 93 98 33 74 65 22 68 80 66 11 53 80 47 12 14 10 91 21 13 4 41 28 40 91 1 20 50 49 20 62 59 83 16 32 44 61 61 30 60 86 8 59 28 84 77 56 29 61 18 33 82 50 60 17 55 17 94 57 52 84 43 15 76 1 94 65 81 26 54 18 48 70 11 57 5 45 97 72 33 74 95 51 12 69 33 93 26 23 65 48 80 83 35 44 72 16 
13 12 15 81 5 77 34 85 10 5 54 6 90 55 56 80 31 42 21 56 48 50 37 64 60 94 60 85 83 87 97 44 7 91 91 62 95 95 36 92 74 50 25 64 25 75 72 31 94 1 8 82 20 0 69 75 29 63 40 73 35 8 75 29 27 55 94 61 15 29 32 99 71 61 92 67 5 31 70 11 40 46 38 74 98 17 43 56 64 58 15 49 67 84 67 2 55 0 71 8 50 5 34 20 60 88 4 5 48 43 19 91 2 40 33 19 24 1 59 27 28 11 86 14 0 13 25 80 79 88 32 92 20 38 82 13 89 68 37 27 60 91 6 47 37 9 62 58 74 5 43 12 71 16 81 30 96 88 50 37 
77 86 55 77 32 85 81 5 93 87 65 56 34 32 57 94 56 86 44 64 92 61 8 70 95 12 73 67 71 62 89 78 17 85 91 33 34 19 82 33 30 4 0 1 35 84 9 99 75 75 27 54 92 81 82 36 82 37 70 55 79 70 9 35 2 97 86 99 4 61 64 9 36 74 72 80 50 19 26 58 67 5 88 54 60 76 16 60 45 69 96 50 65 61 37 63 30 56 71 71 42 82 53 78 7 21 29 38 77 90 10 43 25 96 67 37 15 45 98 68 48 99 18 79 36 82 31 71 84 48 55 78 80 8 89 43 9 45 92 51 46 7 15 0 66 43 94 77 66 48 80 25 29 83 0 3 69 55 96 87 
67 27 77 91 61 51 23 93 13 13 67 24 19 0 75 56 13 52 40 61 77 85 84 92 38 72 2 42 63 60 99 89 13 68 8 85 10 48 16 27 82 12 93 17 83 56 34 51 2 46 28 47 25 15 49 41 4 36 96 89 93 75 53 15 31 19 75 90 34 66 26 15 42 58 3 37 18 94 56 70 15 14 88 29 91 38 7 35 13 36 44 91 29 67 35 70 3 17 8 57 23 55 83 38 67 83 94 84 91 51 87 38 83 64 1 80 82 79 10 49 59 14 58 70 35 87 49 9 23 7 0 59 21 94 42 23 16 1 58 13 47 44 64 73 21 35 89 15 84 60 95 51 49 4 25 8 13 26 84 49 
14 97 89 56 6 80 43 7 51 0 74 63 51 94 29 38 11 18 39 3 49 73 73 80 16 23 94 50 66 25 49 39 25 85 42 5 48 15 55 43 57 21 73 63 92 67 14 4 2 9 52 46 35 8 70 57 13 58 23 34 32 95 93 71 2 66 5 44 7 62 85 33 84 15 0 93 67 1 83 72 8 46 66 5 10 36 57 57 26 0 45 90 12 16 97 12 57 52 20 8 87 94 81 51 49 20 4 9 58 60 35 28 25 96 73 64 55 80 18 56 59 59 65 7 62 95 83 56 28 87 1 0 97 34 0 36 41 37 10 58 26 11 52 94 50 44 40 35 56 99 86 36 24 75 53 35 98 41 32 26 
61 96 45 66 44 57 22 95 31 57 15 59 8 11 15 93 6 56 29 79 60 47 43 46 34 83 93 69 17 30 17 50 32 53 72 8 7 25 56 53 93 59 14 86 32 17 40 55 70 10 1 5 53 83 50 36 74 86 1 64 57 47 32 82 43 56 62 5 24 27 61 29 18 47 65 97 27 70 42 20 59 38 23 22 0 41 92 36 81 81 30 89 7 29 26 20 13 30 96 86 80 10 70 57 9 8 11 0 62 75 12 68 5 89 5 54 17 4 99 44 55 22 41 85 81 88 16 96 14 44 77 61 2 88 98 21 7 87 18 2 26 69 72 1 89 43 34 81 49 83 99 65 51 9 58 99 52 35 62 10 
83 79 30 31 76 60 81 5 95 4 78 4 56 20 57 87 80 96 8 19 87 87 81 77 6 38 28 77 45 95 28 53 16 4 60 16 40 57 82 69 57 90 85 38 0 41 10 29 35 71 36 36 5 71 94 20 78 54 15 31 5 82 17 43 91 35 31 36 38 10 20 37 16 90 96 12 86 81 55 46 92 19 9 85 82 16 13 44 84 67 16 64 53 47 17 38 73 63 63 7 74 0 85 64 4 20 95 61 23 84 16 50 34 96 70 20 60 29 73 10 74 30 35 28 88 77 32 34 75 87 66 2 81 28 42 63 71 5 53 13 28 34 12 4 99 53 46 27 15 79 1 97 67 55 59 15 13 44 32 52 
86 19 75 48 84 60 91 8 44 1 53 34 14 39 28 61 67 56 9 35 67 22 72 38 27 33 33 16 8 77 25 88 74 49 11 34 32 11 35 7 39 32 46 99 93 19 39 1 53 23 99 41 12 83 65 8 3 89 67 97 19 87 66 13 46 33 4 15 82 52 55 67 52 16 50 36 37 1 19 31 93 1 5 42 46 31 22 40 74 23 18 65 20 15 55 55 64 40 84 16 58 56 27 59 56 38 48 88 9 29 28 96 87 27 46 54 4 25 84 16 21 21 42 17 82 71 42 97 10 66 20 13 23 37 12 57 9 90 16 78 88 65 17 55 14 69 40 1 43 2 16 67 99 84 68 93 58 6 79 84 
44 3 83 13 17 44 37 60 97 26 24 82 29 3 17 9 19 78 91 38 99 12 43 46 59 65 7 74 69 14 75 92 27 93 30 76 55 58 77 92 33 68 67 4 29 6 86 55 10 97 23 85 14 86 82 86 67 38 91 6 29 81 68 67 11 45 72 15 23 26 86 61 54 91 51 61 0 73 50 72 18 13 25 84 65 18 36 62 1 12 92 68 36 3 53 93 73 81 75 78 97 79 62 68 85 85 12 94 85 41 4 42 97 61 60 75 12 30 19 58 15 17 16 6 67 82 19 17 0 60 11 58 83 90 83 65 66 61 24 85 51 46 30 66 54 84 85 93 67 36 33 52 77 50 71 41 74 57 75 71 
0 4 41 54 36 6 12 72 0 40 72 80 86 31 11 21 49 82 64 8 68 1 76 78 99 7 63 84 78 52 25 27 45 79 10 97 28 44 2 11 26 94 36 30 7 84 28 89 27 90 41 54 22 2 1 31 49 42 87 86 53 5 90 62 51 38 81 97 31 44 70 52 67 57 81 77 56 54 84 49 36 3 46 10 59 58 68 93 7 18 28 18 73 91 99 43 43 79 29 26 1 9 39 22 19 48 65 43 39 3 71 42 93 18 63 87 83 32 38 89 71 84 5 73 18 80 59 45 78 76 7 90 60 78 91 74 40 32 42 64 30 92 9 81 19 88 36 75 82 96 55 92 10 28 28 61 33 32 7 77 
47 66 54 45 81 57 66 54 31 42 64 31 67 43 87 59 67 38 2 49 54 68 7 48 13 57 71 18 82 14 11 20 95 1 46 20 63 61 17 43 13 91 35 53 81 0 25 80 48 48 83 1 11 15 14 70 54 30 72 50 94 30 70 31 61 19 22 18 70 5 58 16 80 21 72 77 92 47 87 25 80 49 10 61 64 39 52 27 80 40 36 76 76 45 73 46 83 24 30 55 71 72 26 79 83 27 2 86 51 42 12 42 31 66 61 30 82 39 2 80 15 77 81 35 95 95 34 76 99 88 56 22 24 75 32 95 41 64 33 56 4 73 6 11 63 91 39 5 21 62 18 55 81 91 59 32 69 89 91 7 
70 99 31 68 36 48 16 88 43 54 3 47 64 18 47 13 84 12 14 86 17 90 49 23 77 49 36 92 87 66 40 17 60 6 25 81 41 44 73 62 99 44 70 46 4 43 23 14 62 61 81 29 24 51 64 64 11 73 82 49 45 82 99 77 79 3 51 52 46 18 91 35 65 32 33 65 1 65 18 82 38 65 10 48 43 36 72 90 34 77 94 4 29 93 9 0 5 15 49 80 15 80 44 42 77 10 32 80 15 39 28 88 84 34 11 56 65 62 59 14 30 7 1 32 38 93 67 15 85 56 77 43 77 1 57 74 9 26 93 62 4 94 38 86 23 15 85 48 93 83 30 3 29 85 89 67 8 57 12 89 
87 0 21 9 27 85 61 52 7 28 7 26 27 30 83 36 52 93 50 95 18 76 28 81 54 55 18 1 34 81 67 55 58 14 2 10 7 74 93 28 31 96 23 12 82 72 93 43 62 3 45 64 35 96 50 18 62 34 30 63 1 58 59 25 97 67 70 90 8 45 60 47 9 31 72 40 46 20 50 46 57 55 31 70 34 30 74 31 37 50 67 36 77 46 11 39 89 99 42 14 3 92 71 69 92 91 3 80 70 62 18 85 79 19 18 31 30 83 7 2 52 68 39 82 42 48 26 28 72 54 45 90 71 82 74 51 32 18 99 24 53 37 61 67 71 79 2 82 47 30 83 22 5 67 19 63 34 7 8 96 
9 95 52 51 58 62 25 43 51 42 42 9 19 93 89 98 33 55 1 52 10 42 50 85 36 84 63 60 40 30 80 50 40 90 9 66 55 76 52 79 69 92 23 22 18 12 77 58 33 72 23 26 5 51 89 48 28 20 6 73 14 49 47 84 11 98 4 75 71 56 64 2 29 28 28 12 36 10 6 99 18 56 14 53 70 89 11 7 79 2 98 81 25 9 83 6 47 8 23 10 75 76 92 76 73 72 29 67 14 7 30 46 31 97 76 34 82 32 72 77 61 18 9 5 90 16 67 80 9 15 5 34 75 47 16 42 69 6 20 84 23 98 40 84 86 83 85 8 53 30 69 50 97 77 88 20 81 53 92 73 
8 88 80 85 76 72 52 60 39 21 6 19 57 25 36 33 74 28 95 93 72 89 92 32 29 13 48 42 9 52 17 62 71 9 98 71 56 2 5 90 54 55 5 51 85 16 8 83 60 42 66 86 72 59 90 34 84 53 48 13 65 58 11 62 55 10 64 43 25 70 67 18 1 88 41 22 28 64 75 93 49 98 23 39 48 22 83 97 10 15 72 33 7 36 17 31 32 47 97 78 87 81 42 22 50 3 51 20 2 22 18 42 54 92 40 3 99 52 69 22 28 91 94 39 60 73 21 69 99 4 82 93 25 75 70 30 61 41 42 27 66 53 28 6 55 31 10 45 18 85 39 32 56 80 1 76 90 96 75 8 
89 31 47 22 30 48 7 39 3 70 7 86 35 6 47 33 92 12 92 75 49 86 28 27 39 57 39 40 60 27 93 54 66 26 22 61 36 16 22 11 96 63 99 23 84 79 61 4 47 50 11 25 38 72 67 95 45 31 76 82 99 75 5 7 56 65 19 61 10 69 86 13 59 68 11 2 48 79 31 83 94 21 48 75 36 4 29 11 88 81 24 67 27 48 29 99 45 85 68 59 91 34 10 99 3 26 78 62 30 44 68 77 59 54 46 77 66 81 63 77 36 91 83 44 62 28 10 55 34 51 37 51 17 62 88 91 51 59 29 93 21 36 6 38 64 46 43 71 24 97 18 53 93 94 14 49 98 58 95 5 
13 75 57 82 96 41 34 70 26 12 36 40 47 66 11 46 45 11 25 24 99 92 93 62 28 59 15 54 64 86 28 27 50 46 80 96 14 3 88 36 57 4 8 11 35 76 5 51 54 66 19 96 48 54 3 66 78 22 21 7 0 41 47 56 61 31 86 68 21 96 51 56 54 3 95 22 54 29 89 20 88 28 72 4 55 6 59 4 71 3 79 88 93 9 92 73 74 74 91 82 0 94 96 19 85 42 11 49 79 64 39 15 70 49 93 26 79 48 82 33 98 45 47 44 70 8 35 44 61 83 60 28 29 51 43 10 89 35 22 95 52 48 6 85 36 51 49 12 30 25 94 3 6 47 32 3 81 34 46 38 
6 54 52 27 45 80 18 34 9 81 69 61 66 18 38 24 33 51 56 32 68 67 92 98 68 78 99 50 14 43 84 7 77 12 31 74 92 71 39 35 98 12 76 18 76 68 58 95 68 40 57 48 98 82 68 87 64 15 24 69 31 31 36 19 79 95 33 1 3 47 23 44 50 51 79 85 20 10 54 16 29 78 77 2 32 37 78 18 51 97 71 44 1 34 54 33 11 71 58 59 93 92 85 42 88 3 11 87 82 36 36 23 88 72 8 22 33 0 76 40 60 12 34 69 61 82 40 14 71 14 63 37 0 99 43 88 77 81 12 42 93 77 46 97 72 69 22 44 18 36 81 25 87 96 26 80 52 73 3 76 
74 29 12 39 29 72 28 70 64 76 29 73 97 80 57 16 19 68 40 96 77 92 77 95 84 83 15 49 46 65 5 37 69 63 29 8 40 11 41 97 30 95 18 74 41 12 32 62 48 42 49 68 68 73 29 33 5 96 4 88 25 58 76 5 76 31 78 43 47 84 94 81 89 98 60 69 82 57 24 61 19 75 19 98 77 65 32 86 65 81 90 21 89 58 3 30 67 68 99 12 2 98 4 61 88 44 73 41 86 54 51 55 22 39 86 19 53 79 13 57 13 67 80 80 59 60 5 80 46 60 94 33 61 29 83 81 93 78 60 96 23 61 61 16 2 52 34 11 42 45 63 84 42 53 28 61 12 21 45 57 
64 35 22 79 45 62 72 78 18 76 96 3 76 98 88 53 1 18 53 46 88 41 71 65 36 8 40 21 47 38 7 75 90 29 74 18 39 65 72 42 58 92 34 81 80 51 16 79 58 82 97 68 26 28 65 72 68 99 22 47 10 6 96 92 53 87 37 93 36 31 81 44 37 30 10 16 24 58 24 80 71 45 65 36 68 52 89 0 90 45 35 65 44 4 72 39 44 62 63 13 99 58 67 4 34 99 65 51 23 60 61 31 50 68 46 29 73 49 62 6 33 15 26 80 80 87 90 70 26 36 44 62 13 34 47 24 94 9 7 20 92 23 86 44 35 93 86 43 25 29 96 87 95 20 26 32 9 30 6 86 
13 81 6 93 22 75 32 66 69 88 58 52 45 82 26 5 88 4 12 26 83 40 82 78 82 16 57 67 1 76 90 90 17 33 56 37 14 70 23 37 80 94 10 81 52 59 50 28 57 12 75 88 47 45 13 45 58 1 54 45 33 62 29 64 52 9 95 72 73 45 86 25 13 9 63 99 86 98 33 58 10 0 53 73 2 23 18 88 62 80 31 5 79 99 46 85 59 44 87 53 47 31 53 51 34 72 33 6 98 9 13 80 92 58 56 49 87 21 48 14 91 39 77 19 79 8 42 78 75 6 14 66 5 86 15 84 64 48 96 82 96 15 71 21 10 11 48 26 95 87 71 8 39 83 5 88 45 66 86 97 
23 98 50 71 4 71 49 27 11 12 10 89 10 53 90 32 95 10 88 5 12 15 92 12 2 47 90 53 46 35 20 20 18 55 89 45 50 68 90 49 68 9 25 15 61 52 73 82 46 33 20 6 43 65 40 44 86 65 72 12 98 95 46 51 62 15 37 34 71 94 74 78 44 83 47 52 15 97 53 83 41 84 6 72 31 11 94 49 68 98 63 82 14 83 93 16 3 20 20 77 32 44 81 35 33 55 63 54 88 45 67 7 71 4 28 50 19 8 41 26 85 5 78 53 54 63 10 26 68 97 27 94 88 92 99 17 23 68 32 48 47 53 84 43 53 35 96 90 32 68 34 54 73 43 15 74 82 52 72 35 
31 32 57 31 91 70 7 55 97 2 35 76 83 60 34 18 7 28 76 70 77 91 64 69 27 52 57 77 25 41 38 84 24 80 69 94 65 89 45 74 84 66 71 93 13 68 66 1 17 41 49 70 82 80 22 49 41 24 53 11 65 46 4 80 82 53 57 50 48 16 18 76 72 90 68 83 48 10 39 90 76 34 79 86 15 22 15 60 42 49 49 47 67 59 22 16 61 17 99 10 48 33 0 50 20 72 28 87 30 77 86 86 23 32 94 48 41 41 37 29 74 12 19 73 3 20 6 52 35 40 74 86 19 25 73 49 76 29 73 29 47 41 43 25 13 27 89 30 85 17 87 33 17 1 83 90 25 76 24 80 
