61 71 37 81 34 59 8 89 98 60 25 1 84 95 8 54 18 80 52 33 7 74 74 34 39 87 54 57 57 72 58 18 93 73 33 29 20 28 19 15 
72 2 17 9 30 18 10 84 85 30 7 25 36 28 53 39 88 11 87 5 46 34 80 3 8 34 93 44 70 2 51 86 69 55 39 98 4 45 83 52 
78 47 10 86 80 12 85 33 85 23 62 63 78 74 27 78 4 12 73 35 61 38 40 52 10 89 2 33 44 39 5 29 61 87 5 58 64 89 40 91 
8 41 62 35 28 61 68 44 68 6 19 86 9 47 2 43 26 45 63 57 88 87 11 29 78 29 31 50 64 77 71 7 60 68 88 15 11 26 93 70 
72 67 39 40 44 32 15 46 67 10 34 67 27 60 7 38 7 51 24 55 98 48 87 27 8 52 18 94 82 86 27 39 14 18 9 52 30 40 11 40 
72 61 52 85 35 73 65 12 62 42 69 19 0 50 95 95 51 89 0 98 1 86 48 98 95 17 11 13 11 22 27 46 47 29 63 97 73 65 85 41 
53 59 76 36 94 74 37 27 26 80 24 62 83 4 73 67 51 97 82 25 76 27 57 29 61 8 44 76 31 18 28 76 25 45 34 68 85 52 44 36 
76 0 38 59 74 84 32 40 34 92 87 52 31 89 38 76 78 77 20 10 92 21 24 47 1 24 10 26 33 41 9 13 71 12 61 74 43 13 88 51 
75 55 62 11 94 89 30 9 75 14 14 0 52 41 19 70 3 88 70 74 99 87 57 0 83 59 88 89 20 73 91 98 33 92 44 70 68 69 54 96 
90 49 54 54 24 8 91 79 39 44 8 0 66 46 14 63 46 44 37 31 1 5 42 71 43 52 88 9 41 74 17 52 23 45 64 29 19 68 43 38 
17 79 72 72 27 50 54 58 96 53 22 66 14 16 83 39 9 75 73 1 20 28 66 68 3 49 79 28 39 44 81 47 85 5 47 77 81 85 22 86 
37 44 98 4 52 0 98 39 43 18 86 36 72 66 1 56 24 13 17 79 60 74 31 75 47 85 95 2 94 78 40 69 24 44 45 63 43 7 55 30 
39 64 0 68 63 89 9 34 94 77 72 21 13 54 92 13 30 89 48 20 18 83 35 48 42 10 70 77 13 85 77 2 46 79 15 26 32 75 64 78 
19 86 93 88 61 32 79 51 68 48 40 37 72 7 83 50 92 38 7 68 62 51 41 84 0 17 53 7 26 83 82 47 58 41 95 83 37 86 67 84 
94 8 80 63 84 57 85 76 51 1 55 67 87 87 5 18 37 28 63 6 7 36 42 4 73 74 28 0 86 4 59 43 32 24 66 43 68 47 14 12 
25 93 29 72 87 61 3 44 85 75 81 14 92 43 81 73 94 4 67 86 8 42 13 25 27 59 97 62 52 29 5 26 52 85 21 13 60 64 72 88 
26 63 40 9 11 95 90 10 56 86 40 68 26 54 51 30 73 68 18 26 40 57 26 44 95 59 62 16 5 11 69 73 44 60 74 73 10 19 13 17 
83 88 7 58 94 80 78 0 24 2 83 80 64 58 18 12 38 94 31 14 22 17 22 71 56 13 11 80 29 65 27 95 60 8 72 41 72 31 97 26 
67 89 67 85 45 13 87 11 51 4 33 42 12 7 74 81 11 32 66 49 6 81 55 25 86 23 8 89 24 15 42 45 74 81 87 50 61 70 86 70 
88 12 12 35 64 28 70 70 93 68 84 81 92 30 1 56 85 19 97 8 71 37 29 44 36 52 95 17 8 66 12 39 1 6 70 25 31 25 29 18 
49 89 1 87 63 89 56 97 55 19 17 40 90 19 12 99 48 91 47 33 21 92 68 49 85 33 35 41 18 6 19 6 18 17 4 91 90 94 78 85 
1 82 70 69 17 13 69 14 57 84 5 80 74 14 88 60 54 85 46 70 85 96 39 25 35 31 9 65 2 58 19 21 37 64 32 41 86 79 47 38 
67 92 84 65 19 41 36 19 43 25 43 94 90 6 5 41 18 37 8 11 97 46 95 89 65 50 96 80 51 87 24 90 16 13 72 33 71 84 94 71 
73 1 11 62 9 40 8 8 28 12 46 52 61 58 55 64 95 3 50 41 34 25 30 78 45 40 72 15 15 72 77 62 39 75 56 51 17 49 34 26 
90 2 16 58 37 23 61 30 40 80 27 86 9 98 69 67 2 72 39 59 15 86 72 96 20 65 63 11 87 94 0 38 67 37 1 97 71 43 12 46 
51 73 45 95 77 32 86 5 14 65 68 29 99 81 96 93 63 15 39 15 61 22 52 19 21 75 73 10 92 44 97 58 38 26 47 2 98 67 81 13 
18 19 62 27 23 89 55 67 98 33 47 92 95 87 46 24 73 55 87 56 88 95 23 23 18 38 66 67 25 34 44 25 47 12 99 91 98 11 13 20 
40 8 73 81 59 80 57 25 71 78 53 7 6 42 14 19 32 18 61 91 16 66 50 10 88 22 81 51 80 35 22 36 57 26 14 92 82 93 16 37 
68 86 13 69 65 28 84 80 68 20 21 90 96 42 17 71 22 42 62 13 61 64 66 93 34 67 80 74 44 91 38 78 66 6 53 92 77 48 13 23 
10 57 1 26 44 51 24 68 64 3 86 0 37 64 31 60 21 76 69 31 85 90 99 21 51 75 46 59 71 66 24 87 57 16 8 32 85 50 95 79 
81 23 97 45 22 68 10 67 86 8 43 36 93 22 42 50 65 91 96 9 18 95 91 92 72 10 7 27 45 25 59 6 10 33 54 28 83 91 66 5 
47 5 8 38 36 34 85 61 49 22 57 27 30 32 25 34 26 73 7 94 97 4 89 72 51 27 32 6 4 91 41 90 86 96 27 90 21 72 73 84 
66 1 62 75 21 34 0 68 14 48 4 59 56 64 9 38 9 32 44 22 49 97 16 18 73 50 39 9 56 4 24 0 58 72 74 47 16 2 38 15 
68 14 93 46 73 12 79 8 55 46 24 22 58 99 58 13 74 24 74 30 34 22 7 46 79 86 15 2 24 30 43 18 54 97 16 62 59 77 94 48 
5 29 12 85 35 92 20 33 89 5 29 3 35 57 81 45 2 93 34 35 4 9 27 45 98 30 76 5 29 84 96 31 88 45 24 82 87 68 85 89 
27 77 17 27 65 0 15 71 88 13 94 97 65 85 88 38 81 21 40 10 18 0 77 36 85 9 46 79 22 24 44 22 46 50 79 80 81 29 64 31 
74 90 57 10 50 68 45 47 4 34 78 16 30 94 21 12 92 74 25 59 83 37 44 51 36 85 85 79 37 92 5 4 89 60 45 49 77 89 81 51 
30 41 47 76 4 25 2 70 68 52 12 34 35 51 61 83 44 78 22 84 94 76 0 89 5 96 31 8 77 54 61 80 14 26 65 5 28 23 88 47 
53 46 37 98 82 16 3 53 74 58 94 63 38 12 71 39 66 54 99 48 2 29 8 6 50 20 98 41 44 13 23 95 19 23 96 78 87 27 53 23 
66 29 55 21 98 96 69 34 26 1 61 75 50 29 52 55 5 81 47 1 95 60 56 77 43 46 30 51 45 62 21 98 83 4 28 18 98 13 7 32 
