77 35 32 26 21 57 86 36 83 32 21 12 65 62 44 63 35 40 46 61 9 11 70 99 70 22 88 52 36 49 17 13 96 48 83 51 84 52 10 82 34 60 80 70 43 14 80 6 86 85 49 3 37 86 12 18 74 23 8 99 30 10 50 37 74 39 19 21 73 67 34 97 58 55 50 28 59 79 85 90 18 46 69 16 31 23 61 93 17 64 27 38 12 86 3 27 88 12 74 20 10 77 85 6 3 26 22 62 19 50 69 80 29 43 25 6 36 32 22 35 
63 9 37 68 96 12 18 14 74 63 11 49 1 53 84 74 65 36 31 66 26 62 49 63 6 15 28 97 68 91 9 17 13 18 15 90 65 50 94 0 21 97 64 19 18 63 46 28 61 46 52 13 85 42 55 78 55 18 39 5 63 57 17 54 18 81 67 93 16 11 53 40 99 62 14 4 98 93 15 61 32 7 75 55 13 4 39 34 14 94 57 76 47 29 4 38 89 44 27 92 97 41 63 88 66 24 35 50 82 37 19 94 1 22 15 15 17 25 87 29 
65 51 13 9 7 84 14 85 59 43 49 69 11 13 79 29 48 79 62 50 63 66 93 19 52 46 94 56 42 40 26 47 98 98 48 70 16 32 90 17 80 94 41 54 82 75 30 15 20 93 1 74 57 25 26 63 65 77 33 19 66 60 56 54 55 90 54 80 94 37 88 3 27 88 86 58 72 21 10 8 23 61 84 56 55 80 46 26 94 49 9 82 2 73 51 99 84 95 14 5 64 54 59 51 20 84 76 85 48 72 50 96 72 56 21 64 71 77 2 97 
17 70 56 84 71 93 44 15 22 48 10 96 37 79 79 0 30 9 15 7 84 10 31 67 10 37 80 76 86 90 57 23 77 22 68 74 26 60 73 81 72 96 89 92 24 77 92 69 95 53 22 0 47 25 44 71 72 12 95 38 25 57 41 27 22 37 83 92 23 82 20 10 6 31 89 77 56 97 61 92 58 51 31 90 55 20 12 14 42 14 31 12 96 21 75 91 45 81 30 25 44 9 52 45 68 42 64 22 64 52 56 54 48 15 33 85 29 78 53 49 
58 23 33 72 40 62 24 89 27 18 90 39 34 38 89 83 0 37 95 79 57 4 9 42 31 19 58 90 65 24 15 74 27 35 19 76 99 82 43 20 72 36 15 71 67 38 46 12 70 3 43 65 22 80 11 66 52 32 71 3 50 44 64 76 30 7 20 0 94 30 71 60 87 38 9 24 66 34 77 94 8 24 13 41 90 90 81 5 39 94 40 88 95 88 33 4 22 80 87 75 87 0 51 9 3 34 93 38 96 92 12 3 40 89 56 76 3 19 23 24 
50 37 13 41 33 49 82 81 46 76 14 44 25 28 3 7 95 98 36 28 71 55 97 36 91 10 85 21 85 97 1 27 24 87 77 20 94 3 36 5 96 39 3 3 10 7 85 6 59 15 58 92 36 93 92 54 61 23 69 84 97 14 95 61 13 57 66 3 69 68 63 21 22 53 21 71 47 91 99 0 63 46 84 48 97 93 66 90 87 26 66 89 99 73 84 53 34 69 88 7 65 51 26 74 41 37 99 44 57 25 47 71 71 14 39 42 11 59 70 44 
72 16 87 46 44 54 94 43 97 3 7 79 3 97 9 93 87 69 31 61 6 65 4 97 62 1 77 31 90 81 45 21 28 19 89 45 59 18 89 69 80 70 42 84 33 57 3 75 6 48 66 87 86 53 76 17 9 71 24 9 81 78 13 57 79 96 33 67 57 2 53 10 96 14 49 87 1 11 34 27 84 71 97 72 33 26 72 80 91 59 67 98 42 98 88 59 84 5 21 92 70 4 70 53 94 46 75 64 97 84 24 27 68 85 67 52 50 75 5 19 
95 7 76 53 57 34 86 86 87 81 27 32 88 36 92 4 38 26 49 67 39 24 8 95 14 68 82 71 20 80 48 16 57 30 36 75 19 70 72 1 96 0 83 32 9 15 82 1 14 79 87 11 66 75 98 47 63 40 64 4 79 7 47 21 20 96 35 22 45 61 91 89 13 58 89 98 86 54 71 52 0 85 29 23 90 52 62 46 85 80 24 37 23 60 85 16 89 57 37 55 91 15 24 82 14 6 3 56 30 20 96 14 76 59 58 31 23 67 24 94 
91 88 83 17 90 47 65 23 67 84 99 94 12 13 39 72 86 23 84 75 84 57 27 6 28 36 16 93 47 4 38 92 13 44 98 40 34 86 4 60 28 56 27 90 57 82 76 58 5 5 46 32 85 22 3 39 79 57 82 55 56 76 5 21 49 91 35 44 45 21 11 86 94 19 76 45 35 81 1 57 0 84 88 94 97 93 42 64 39 41 27 44 27 74 23 92 44 1 75 12 56 11 41 57 64 67 81 96 19 52 2 54 3 44 55 87 64 13 42 84 
14 16 68 70 40 97 78 32 54 39 75 9 24 24 7 56 59 86 41 6 5 2 53 86 63 44 15 52 90 50 59 33 70 73 67 35 69 46 24 99 3 94 16 42 79 46 65 66 43 34 28 88 59 17 29 38 33 20 41 84 77 53 55 65 13 68 33 91 81 34 97 93 37 5 77 2 67 59 79 84 84 41 78 87 71 27 53 89 23 72 55 22 48 30 40 31 11 48 11 64 9 34 77 2 38 16 98 44 59 93 65 64 61 86 93 45 72 2 94 87 
73 47 32 25 12 85 75 85 65 64 31 4 51 12 82 56 12 64 40 29 97 52 85 60 74 68 38 1 35 27 52 92 93 72 11 85 5 3 34 62 68 94 3 13 69 53 5 24 86 61 60 72 48 29 71 88 6 97 52 8 52 44 41 62 3 14 94 43 61 20 60 1 86 26 38 46 72 3 68 73 59 6 53 76 83 20 77 80 74 63 24 4 65 15 8 41 93 85 15 75 6 74 61 63 23 57 97 96 97 85 80 90 2 91 22 9 60 64 88 79 
61 39 6 5 36 33 80 79 24 40 81 84 17 36 12 9 77 52 73 96 3 46 89 7 70 75 25 76 84 28 64 77 26 4 45 16 36 25 27 94 98 84 46 86 52 27 0 95 76 9 40 83 66 85 6 42 6 58 67 76 34 0 26 20 0 96 15 31 67 44 29 31 77 69 77 23 32 27 50 40 99 27 35 5 64 42 49 76 76 48 85 23 67 61 98 59 33 11 12 25 84 21 66 58 49 22 83 88 28 73 80 38 19 83 39 28 20 85 3 78 
35 96 25 26 12 4 54 17 51 66 61 24 38 19 21 11 19 21 70 21 8 74 68 37 46 75 36 94 53 69 78 89 13 14 60 10 60 12 33 2 78 23 60 1 5 82 5 59 23 66 82 58 79 89 24 17 53 69 6 60 93 58 67 71 54 64 92 92 69 22 88 31 47 84 20 59 39 47 91 54 87 35 66 25 51 4 41 5 76 15 22 87 55 12 7 24 49 99 39 87 59 42 5 43 22 82 29 65 20 19 33 52 90 46 5 86 48 51 15 65 
83 10 17 86 68 11 52 48 26 64 80 95 86 6 97 64 78 99 62 88 77 43 24 58 92 62 94 88 70 7 23 79 0 21 25 86 84 73 28 99 49 25 18 5 9 37 12 27 71 9 78 17 41 37 15 80 1 90 45 78 34 23 47 80 47 73 18 29 30 19 32 95 19 73 40 64 14 12 75 17 91 19 17 69 9 54 48 80 30 66 73 14 70 67 93 76 53 34 65 27 39 4 72 19 55 80 56 3 16 66 33 13 42 13 57 28 90 2 81 76 
5 84 88 25 96 55 32 52 32 59 57 42 26 86 38 14 12 12 13 20 86 37 89 89 79 23 37 45 8 68 3 26 3 18 75 97 27 31 54 84 70 40 7 47 40 12 92 22 57 75 54 60 43 15 55 41 48 94 96 21 20 45 23 56 25 6 61 10 55 49 20 48 16 15 12 34 34 55 54 14 39 7 84 51 96 73 15 78 78 44 65 97 10 20 63 71 7 35 25 23 25 78 70 7 85 0 15 19 62 77 19 95 6 20 25 34 65 8 78 89 
48 69 30 45 80 15 33 99 11 39 34 83 29 82 31 76 36 7 53 48 17 55 36 86 52 4 83 87 9 83 94 32 61 30 27 39 12 30 32 12 67 78 97 97 64 50 94 38 83 21 27 9 29 39 66 75 5 3 52 28 83 71 32 84 72 68 10 94 47 75 32 92 7 37 75 41 87 78 76 72 57 72 82 74 98 7 19 33 13 97 2 67 49 54 80 81 55 48 61 11 64 72 93 13 64 68 68 25 45 85 12 32 91 53 51 86 74 25 53 75 
82 22 64 22 75 18 53 93 85 30 28 5 28 5 75 42 99 14 31 31 62 16 24 4 45 85 58 9 0 55 13 83 86 57 84 93 11 74 47 88 58 3 69 23 48 62 95 8 53 67 96 44 24 86 24 42 9 86 97 42 56 46 19 16 25 50 44 17 26 43 24 20 89 64 57 93 83 44 79 84 51 66 77 39 52 54 62 74 6 75 62 72 62 29 38 24 74 63 7 30 79 93 83 90 67 66 78 55 93 23 87 11 82 73 2 19 16 31 36 53 
72 68 70 61 59 17 95 71 36 14 31 27 58 78 92 34 9 66 43 75 51 57 40 2 91 74 68 97 27 25 92 64 25 81 4 38 18 93 8 65 60 91 71 9 62 83 69 77 6 10 72 81 83 67 8 77 95 89 59 9 48 0 6 81 59 70 94 99 72 32 77 21 35 70 73 3 58 44 31 41 96 29 37 2 46 73 84 65 70 9 13 2 64 10 8 89 86 16 32 87 1 89 38 18 38 36 31 50 39 50 37 95 86 97 9 52 99 91 70 51 
97 79 17 57 72 89 33 82 6 35 20 75 21 4 92 31 52 89 93 94 86 96 19 9 58 63 78 88 11 23 26 26 45 45 61 34 9 79 55 81 48 29 62 38 26 82 27 19 5 87 9 20 51 8 37 11 43 67 71 92 79 29 39 49 62 82 62 0 80 77 35 84 10 53 3 45 39 4 68 4 69 67 89 61 82 3 46 25 55 77 98 40 90 46 13 49 35 71 35 54 93 59 83 79 88 32 23 46 84 59 28 94 74 82 98 40 45 14 37 18 
26 62 66 45 81 73 3 98 53 30 30 79 21 50 29 50 8 46 29 22 18 60 96 43 94 76 81 96 0 27 84 88 79 58 93 90 42 37 32 93 52 45 43 62 44 22 72 61 40 48 61 89 62 56 4 19 47 45 31 86 74 94 21 50 26 24 90 67 26 24 22 79 80 86 61 95 64 52 64 68 96 79 73 81 25 21 49 79 31 95 69 81 51 31 11 54 74 69 87 83 84 16 72 27 61 26 82 97 81 34 78 15 74 51 33 36 79 70 27 3 
4 60 96 46 11 71 27 31 0 20 37 10 35 41 58 67 59 76 8 72 3 7 57 31 10 56 67 71 81 98 12 67 39 22 13 51 24 87 95 9 54 13 52 73 31 82 68 95 43 87 8 76 18 14 36 57 23 48 33 58 70 48 94 17 51 41 27 86 88 97 16 76 97 57 75 70 34 10 43 92 10 5 75 9 39 34 6 8 47 21 33 8 61 50 77 83 18 13 70 70 19 10 25 56 8 11 92 75 19 37 56 71 39 27 45 38 74 12 46 79 
12 15 54 32 12 15 15 31 49 13 4 33 29 3 88 86 93 7 21 88 51 56 12 95 35 58 90 95 6 94 41 0 1 34 14 67 66 83 16 52 39 58 95 60 65 49 48 7 59 89 13 42 18 14 72 30 79 8 71 23 68 59 57 68 92 82 95 40 64 38 53 69 73 78 75 44 2 60 91 44 8 38 28 2 27 15 16 11 25 2 20 86 86 17 63 35 33 36 49 4 45 55 75 57 68 97 5 21 58 33 85 71 11 95 6 17 23 11 54 49 
53 8 28 47 56 19 41 41 78 62 8 18 24 26 65 70 90 34 89 51 85 68 65 99 20 22 3 21 52 52 8 34 2 80 81 66 95 87 12 83 4 19 43 66 47 69 97 1 77 49 26 52 7 23 35 14 86 68 11 50 57 38 89 93 53 43 41 51 96 55 76 81 15 63 3 83 99 1 59 69 46 94 5 18 1 4 60 98 87 40 98 70 80 98 84 87 93 93 29 68 85 36 4 71 27 29 50 75 81 92 40 90 88 73 92 45 32 39 60 31 
54 32 34 52 65 49 13 79 69 99 47 9 27 16 20 15 61 58 2 75 30 42 44 4 59 50 53 41 37 31 40 23 77 64 47 62 84 58 14 91 3 68 7 90 46 43 11 0 82 80 48 6 92 14 20 89 13 19 88 54 85 29 25 57 63 29 7 13 25 60 89 86 27 78 60 27 81 76 16 61 40 51 44 36 82 88 30 6 11 70 35 61 4 90 91 94 35 4 64 44 64 23 37 96 81 67 44 25 95 44 73 25 86 67 13 21 90 77 57 99 
63 56 89 17 88 17 23 99 9 11 79 74 55 17 44 38 24 1 19 54 8 77 62 90 60 82 24 9 30 80 49 65 36 30 90 69 56 30 53 19 87 53 15 11 57 69 53 25 30 60 69 39 56 70 26 9 38 95 12 16 28 43 43 82 38 59 54 24 28 57 84 49 50 5 76 34 95 87 50 23 47 87 40 15 36 34 98 3 46 14 85 99 58 14 79 93 19 10 34 26 73 41 69 25 21 39 79 59 73 38 54 54 67 32 42 42 95 6 58 87 
18 33 65 88 63 72 31 7 18 81 67 48 6 38 84 2 84 33 64 78 68 65 7 44 71 84 35 42 12 70 9 35 41 83 83 90 8 68 23 63 93 88 14 18 74 67 16 46 94 28 2 68 1 10 36 5 24 42 87 42 36 80 6 19 8 41 57 17 73 25 26 52 85 76 41 12 60 93 38 2 58 90 56 81 57 82 56 30 72 93 47 13 41 31 98 58 28 56 66 1 45 55 26 52 52 7 77 36 96 83 61 94 86 24 20 40 98 96 59 40 
79 69 75 43 66 75 37 75 76 30 68 21 20 65 90 88 80 65 84 40 70 33 3 7 80 52 32 19 32 29 25 67 78 50 62 79 19 44 26 86 6 87 64 15 69 37 86 74 7 48 20 67 55 92 64 27 36 82 33 19 28 14 0 27 44 55 80 80 97 58 36 28 32 99 56 38 54 99 99 68 98 72 42 83 73 46 64 94 34 70 92 27 49 24 85 24 59 65 20 3 30 31 91 97 20 6 64 77 60 53 76 82 70 20 56 74 76 38 33 41 
33 64 20 54 20 83 4 9 11 75 54 75 75 44 78 54 72 98 29 60 35 12 91 57 3 35 83 86 23 27 49 96 27 37 45 51 41 8 14 65 59 76 96 57 65 83 34 71 11 5 43 76 46 62 56 68 23 38 15 29 34 48 3 64 46 57 13 77 11 77 50 54 21 88 54 28 39 30 98 18 19 4 47 63 36 15 1 85 57 45 79 18 13 26 31 52 22 35 40 34 71 12 44 73 78 49 65 11 46 82 80 58 77 80 69 25 95 71 68 51 
16 38 89 77 22 39 24 53 42 99 81 73 16 90 68 63 28 91 88 92 31 79 32 55 72 52 47 27 56 32 43 11 4 55 56 39 99 12 60 59 94 90 96 29 87 10 30 51 10 52 78 12 58 92 94 60 77 6 22 75 66 74 80 89 3 35 75 88 94 18 96 62 73 50 22 54 2 65 3 64 91 60 77 51 83 5 47 17 92 15 48 97 6 97 47 84 63 51 1 72 78 97 92 84 33 10 63 56 25 19 39 79 31 63 9 21 87 22 24 52 
57 51 75 98 97 1 8 58 2 2 15 73 14 29 57 62 27 10 39 25 74 66 92 21 93 42 7 27 26 62 70 20 78 99 32 72 95 7 77 34 68 70 44 26 50 11 51 38 40 28 89 69 69 34 59 49 97 85 28 83 71 83 89 4 55 43 57 77 7 31 91 11 42 0 50 3 49 93 30 65 17 40 39 28 18 29 57 11 38 31 97 45 0 2 17 74 25 38 42 33 47 70 91 54 13 21 31 0 56 13 61 90 65 56 14 53 37 34 70 56 
79 13 89 30 27 55 17 31 64 6 37 87 36 11 0 87 33 31 12 48 30 4 71 40 29 19 31 44 85 25 3 61 30 97 50 69 85 30 83 20 44 14 18 29 7 38 85 23 22 31 16 99 23 82 65 77 68 72 64 89 29 35 69 74 48 94 80 11 71 48 0 93 13 33 42 24 3 63 22 72 57 58 47 25 92 9 99 93 93 56 57 78 97 26 69 8 37 4 27 60 42 72 25 69 13 43 81 89 92 81 6 34 32 64 45 21 45 93 53 66 
47 43 89 81 66 43 86 6 27 28 99 66 59 63 28 42 36 36 93 81 12 56 59 95 11 79 3 53 62 99 61 8 69 22 25 27 80 56 0 85 87 18 31 53 86 1 36 98 95 57 45 3 85 23 4 84 34 81 80 38 1 65 87 28 50 20 74 24 11 86 9 24 36 37 78 39 64 4 42 60 39 67 77 89 70 97 53 28 20 64 26 4 48 46 10 23 60 36 56 12 1 5 40 36 10 94 47 24 7 62 32 37 92 79 13 75 26 75 10 41 
64 88 22 31 97 24 71 1 68 81 53 38 62 4 68 58 23 15 56 97 38 70 43 99 22 79 9 22 68 75 95 17 32 93 58 74 16 97 76 79 98 23 28 46 63 84 64 66 23 83 40 39 45 11 67 45 49 33 2 31 65 51 73 23 43 42 7 96 87 97 19 7 31 54 3 13 50 81 9 34 46 33 76 19 61 66 60 84 23 23 29 64 25 7 8 66 28 7 45 62 56 81 95 28 28 34 28 53 63 31 93 3 74 48 85 15 18 29 91 7 
55 79 55 50 51 78 92 93 15 37 39 73 87 9 33 15 39 96 3 54 74 88 2 8 64 94 14 48 71 63 86 72 63 41 56 91 6 69 1 81 11 7 16 25 93 52 75 25 7 21 16 66 26 31 34 65 24 60 26 36 89 22 79 24 29 79 12 67 13 21 38 19 34 44 43 33 4 91 45 19 54 49 83 37 26 33 31 86 90 31 23 53 25 85 3 53 74 94 16 89 26 61 82 58 25 2 70 15 87 2 56 2 46 9 24 40 32 21 25 85 
40 97 85 25 65 51 79 64 23 80 76 49 96 44 30 38 98 82 51 4 23 36 44 58 30 89 70 84 33 62 41 80 39 20 42 42 93 12 31 46 55 75 6 24 64 36 11 17 15 6 98 23 54 18 47 33 64 46 55 73 45 39 54 19 99 24 38 68 49 5 30 7 38 56 58 51 37 5 80 98 92 97 87 85 62 70 90 76 87 39 61 63 23 4 68 10 88 18 26 24 61 29 7 47 83 12 52 32 13 86 57 82 56 29 19 44 56 29 22 12 
64 46 52 66 7 58 67 73 72 90 44 5 54 5 63 24 65 84 69 90 39 32 0 98 10 23 90 75 75 79 18 48 80 60 77 73 47 2 38 32 77 62 33 84 48 90 1 21 83 75 18 2 35 82 79 39 31 54 84 39 35 79 11 47 37 80 99 43 15 24 64 38 86 82 24 81 76 77 77 22 44 88 39 98 53 47 46 31 45 3 28 14 81 26 71 44 7 70 75 1 49 10 89 19 93 34 19 75 1 7 98 58 73 99 58 95 57 46 64 21 
93 8 98 85 51 53 79 81 17 83 59 46 28 93 7 20 59 33 50 36 17 8 67 11 2 9 44 85 72 6 44 23 26 9 20 87 92 35 64 5 34 44 73 1 4 69 49 16 20 75 27 24 78 97 34 78 99 88 64 52 29 77 59 42 51 39 88 49 36 74 17 77 45 81 85 84 61 36 67 45 30 83 12 12 13 11 36 59 24 84 55 76 20 51 41 66 65 74 7 42 24 23 14 76 57 49 88 44 30 48 13 31 67 22 45 63 26 59 14 87 
96 7 69 45 75 2 76 83 11 59 23 54 69 84 5 30 51 65 46 43 80 73 50 42 18 59 60 23 62 25 22 6 68 63 84 10 68 50 77 55 22 12 40 21 75 92 2 30 89 38 6 82 56 35 74 83 30 15 94 51 66 41 11 20 23 70 58 12 85 16 73 36 66 30 42 14 93 53 68 55 95 34 78 32 99 4 49 88 21 0 86 96 39 79 91 72 58 39 72 13 28 2 4 69 44 20 46 28 32 85 89 92 44 42 88 49 44 38 28 52 
7 43 68 29 10 26 27 30 5 16 74 25 6 32 18 73 87 27 99 51 65 65 66 16 4 42 81 69 71 95 93 87 68 0 3 88 48 54 33 90 14 72 23 92 71 99 50 26 45 72 65 11 81 85 61 53 94 45 91 3 90 27 3 77 9 16 41 95 87 29 60 52 41 35 45 18 31 43 51 97 45 72 6 23 89 78 95 33 99 45 91 2 60 59 74 80 58 5 54 37 83 56 16 50 15 37 96 86 49 58 91 29 98 58 17 12 98 66 73 24 
96 2 20 12 20 61 44 55 53 38 63 48 41 51 39 94 82 55 71 48 13 4 25 11 40 26 10 17 96 93 51 0 53 31 17 11 59 83 9 60 76 9 28 57 23 8 4 66 55 14 2 35 19 69 97 57 66 92 29 50 28 16 5 8 72 24 3 40 53 76 65 61 25 34 75 74 32 56 25 43 55 92 82 83 86 5 23 92 29 55 14 52 79 46 70 25 94 59 3 4 30 55 75 76 55 26 75 89 10 99 14 18 62 80 76 19 76 51 95 29 
78 69 95 51 61 44 45 15 85 19 50 1 54 94 43 72 49 60 48 20 78 3 33 74 32 85 65 26 45 92 98 15 44 24 13 50 62 91 45 76 94 42 42 94 44 90 92 40 66 67 19 40 83 26 53 86 39 19 58 8 20 38 22 35 48 38 7 69 3 40 40 60 39 57 18 74 40 38 77 1 39 12 27 2 75 65 26 19 41 89 0 36 88 88 5 81 61 66 76 54 72 60 40 6 25 18 41 71 29 31 37 42 94 53 75 1 26 32 32 99 
38 47 1 8 76 72 81 84 75 88 49 93 73 40 21 23 75 57 61 82 57 29 13 18 12 74 42 87 16 46 84 31 61 14 67 20 80 35 29 73 1 64 21 6 47 46 58 87 18 80 61 11 63 21 49 69 59 28 14 36 1 66 64 28 96 64 19 74 19 29 89 96 73 51 2 8 15 58 91 31 61 36 40 63 58 81 41 37 77 18 73 41 69 15 5 61 2 75 73 41 30 99 38 44 75 24 8 30 57 20 47 96 36 21 61 74 99 87 38 86 
27 68 25 44 15 54 75 72 36 80 16 55 44 38 14 19 1 45 70 95 40 58 20 84 39 99 34 90 38 87 30 73 68 15 28 33 88 76 9 85 33 80 16 87 11 57 41 93 52 67 91 86 59 55 52 48 10 68 38 80 60 82 44 65 84 45 5 33 53 59 91 3 57 44 63 38 25 65 87 28 72 54 51 97 55 38 56 58 75 3 63 97 46 26 3 1 34 48 42 61 94 0 98 67 44 3 57 34 41 19 48 31 33 57 15 35 23 46 92 59 
2 56 11 47 30 42 97 99 78 16 34 45 61 84 83 68 81 12 95 2 99 44 8 71 44 24 64 83 92 2 23 4 92 91 26 52 53 57 41 52 55 72 92 15 53 1 33 60 79 34 20 29 10 83 52 94 90 91 5 96 31 27 22 67 44 13 14 6 95 80 38 17 41 89 13 61 45 68 32 12 41 93 75 87 34 80 20 98 35 15 12 9 41 57 72 54 38 82 43 71 96 80 68 84 64 54 10 53 33 41 79 45 19 33 17 2 74 13 71 37 
96 84 47 18 98 21 4 66 1 94 77 2 42 93 95 23 49 19 77 23 71 89 80 46 20 57 45 64 87 1 96 38 99 13 3 29 44 52 35 28 15 38 64 65 84 1 23 6 85 22 64 81 78 88 42 99 82 85 60 9 84 92 82 90 57 78 17 50 59 8 20 76 97 48 10 55 77 24 73 48 92 61 16 69 54 90 58 7 71 25 83 44 86 50 67 19 97 38 34 40 33 40 36 6 40 84 70 48 98 51 63 16 46 42 41 74 18 16 53 90 
84 16 63 13 14 12 74 21 88 98 39 96 7 89 72 43 17 53 93 54 37 45 17 80 74 4 76 18 24 81 13 95 58 74 76 35 41 30 84 5 1 98 71 59 78 89 30 62 88 24 17 77 84 33 75 44 70 68 70 29 58 99 86 30 51 30 76 68 18 51 21 44 19 8 86 91 34 80 56 2 6 62 30 0 50 44 97 2 67 40 65 64 29 62 25 22 4 12 87 33 6 8 25 1 68 26 89 83 22 35 24 50 68 20 97 9 19 67 13 98 
57 48 41 2 44 49 9 94 82 57 8 1 39 86 37 31 45 75 46 15 85 38 82 79 63 40 56 35 96 43 86 91 65 68 12 34 60 19 0 62 84 37 33 78 44 23 80 57 93 11 74 15 91 39 46 53 46 38 37 65 20 78 18 18 18 34 58 80 52 38 38 35 9 64 85 79 82 51 2 13 38 86 14 6 23 54 94 18 38 17 43 32 21 42 40 76 28 34 45 81 13 16 56 48 49 76 13 33 36 23 3 46 96 9 29 59 76 3 65 7 
51 21 51 53 65 76 81 54 89 77 73 14 33 46 40 85 58 83 59 36 24 45 63 71 95 36 15 82 17 23 12 83 33 78 60 13 42 64 21 58 43 33 99 0 4 39 30 69 17 41 44 72 57 13 57 17 33 66 59 16 39 50 12 91 45 94 79 60 13 67 17 57 26 55 34 86 32 10 26 40 84 16 93 14 49 28 15 7 3 69 82 62 52 43 68 61 70 16 84 21 31 35 43 1 74 14 61 61 58 52 85 11 55 31 52 34 98 36 98 71 
76 71 98 51 81 41 16 62 92 83 69 60 7 61 21 69 58 16 29 59 47 30 45 67 25 32 69 2 42 4 52 78 73 60 65 55 88 79 72 24 29 80 20 5 2 17 37 34 9 73 17 83 59 78 83 36 65 46 84 19 79 36 75 81 15 86 42 94 94 66 21 92 60 60 14 53 98 56 20 26 89 86 95 10 25 95 44 5 53 37 31 88 48 95 34 0 54 86 17 67 61 63 46 15 88 52 57 97 3 89 20 26 73 43 82 89 29 11 90 38 
96 64 35 49 79 5 33 45 88 65 23 10 90 8 74 60 96 22 37 3 74 50 24 49 36 39 73 84 71 15 76 12 79 11 44 48 5 85 41 42 10 71 73 57 83 83 17 51 28 91 92 42 16 80 22 50 51 77 17 67 1 78 82 45 12 37 97 98 28 89 56 29 4 67 32 27 76 1 26 97 46 68 97 95 46 35 29 10 57 0 38 47 0 62 55 71 8 4 11 62 33 63 29 3 55 89 94 33 7 55 78 28 12 66 93 69 33 22 53 64 
27 35 92 94 69 39 58 60 15 45 25 0 33 4 36 47 66 51 98 16 41 71 1 25 37 5 11 16 98 70 73 45 8 56 28 63 21 55 74 11 28 21 42 15 75 60 84 58 17 57 10 61 11 71 8 83 95 85 89 10 72 13 75 23 23 48 4 88 63 39 71 6 36 7 28 71 96 0 34 18 70 46 17 16 23 57 29 11 42 61 85 15 18 22 64 9 38 62 73 49 20 11 65 68 88 52 21 52 3 4 0 83 86 6 49 84 24 48 72 16 
98 0 78 39 64 77 76 54 42 22 0 59 56 2 87 34 43 83 62 9 18 9 33 84 91 39 45 60 15 35 23 46 24 17 11 75 6 80 59 4 99 49 34 9 29 67 42 60 28 4 7 5 15 0 45 62 4 96 52 21 93 31 20 92 79 12 97 31 8 64 37 50 74 54 52 55 94 13 19 83 89 10 63 49 52 33 62 58 79 92 7 93 91 43 66 24 18 36 64 64 25 64 19 4 1 41 83 5 1 10 40 42 82 90 31 44 24 43 40 98 
92 70 29 46 13 8 44 11 43 75 83 97 3 47 80 35 65 28 62 55 43 0 96 27 93 37 92 72 48 14 68 31 82 44 66 91 28 10 95 2 51 1 62 9 93 43 16 31 41 90 54 41 88 43 8 1 32 19 60 75 9 10 20 71 95 67 31 88 4 0 84 81 75 0 76 67 86 78 80 41 51 28 80 13 28 90 28 26 36 17 91 78 42 35 9 41 71 17 37 90 74 5 86 42 75 42 1 58 51 40 18 88 76 82 9 78 35 3 55 33 
27 62 99 9 8 72 20 64 29 54 17 85 76 58 75 20 63 54 51 53 6 91 28 95 15 4 44 48 39 9 62 57 72 76 72 13 17 4 69 30 54 15 98 76 66 22 2 84 82 91 34 6 82 4 87 85 45 10 21 10 84 36 20 69 19 9 3 77 46 75 49 43 81 41 53 84 78 46 78 84 60 23 64 18 29 36 89 80 75 28 69 12 58 18 37 31 52 38 69 13 95 16 21 8 69 48 13 12 99 91 15 96 75 9 91 91 98 44 64 77 
30 17 97 51 30 15 52 2 72 2 46 55 28 90 3 15 11 2 8 20 1 19 75 41 13 89 3 57 97 38 50 15 25 72 36 66 97 67 53 49 17 81 72 62 81 98 46 43 54 49 24 9 74 46 27 29 30 7 87 23 0 40 8 13 15 89 71 18 18 36 35 4 81 29 38 42 50 10 46 10 41 78 23 72 86 78 19 76 74 40 25 47 25 99 54 24 38 87 98 76 83 16 86 14 20 24 29 79 41 53 38 64 84 7 17 25 85 62 36 23 
40 55 2 53 7 98 27 56 15 6 65 76 8 10 54 87 58 98 13 76 4 4 42 41 22 0 39 68 35 18 66 3 53 3 2 95 18 72 56 70 15 0 72 14 32 34 45 58 37 1 17 43 55 17 8 19 43 50 0 5 16 12 74 87 2 73 97 26 48 88 39 53 57 54 55 55 17 23 40 16 97 20 75 2 69 17 64 33 84 4 30 26 1 57 93 15 8 13 16 66 96 97 98 14 26 99 11 26 13 6 76 25 95 84 75 88 51 62 18 46 
5 1 25 31 72 75 71 83 68 7 22 33 23 97 29 48 10 17 94 26 36 59 44 89 6 53 78 81 22 80 72 92 29 81 33 42 43 18 65 95 79 79 62 0 43 13 80 92 96 69 94 6 42 37 71 78 13 59 99 49 91 99 93 0 23 81 19 8 10 11 73 32 72 7 3 98 9 4 23 34 38 89 72 94 45 98 25 21 26 96 82 79 34 29 89 80 23 67 12 85 86 39 81 8 77 35 31 88 29 99 10 95 41 94 31 42 40 55 69 62 
36 87 25 68 37 1 49 48 12 18 9 52 67 74 81 51 30 62 40 63 14 35 93 56 2 32 78 52 14 90 96 90 24 14 37 51 88 62 26 21 21 62 94 26 82 31 61 94 51 71 7 84 58 37 68 29 83 64 74 44 18 65 36 71 75 20 13 85 16 8 19 81 52 33 62 1 64 13 88 57 61 90 53 52 40 6 30 85 17 75 11 62 80 18 44 77 73 92 87 24 50 59 27 81 57 43 88 81 32 45 22 35 53 47 57 13 92 50 28 63 
12 34 88 88 77 36 67 41 21 76 4 1 46 48 48 38 9 2 83 13 74 44 90 12 54 95 61 43 19 65 95 67 20 79 39 72 92 46 88 81 28 75 27 46 19 26 8 43 57 10 70 80 43 52 80 83 5 83 6 50 12 35 43 14 67 34 72 5 28 52 83 38 76 16 26 9 23 78 58 11 30 45 39 90 20 99 25 20 47 8 78 35 51 45 73 38 23 14 15 64 41 32 80 2 83 65 29 73 72 79 63 11 38 67 65 25 3 97 1 47 
74 41 31 81 18 67 55 85 5 29 92 57 69 7 28 18 6 64 65 37 43 5 28 19 80 0 47 63 99 18 88 3 83 9 97 64 94 60 13 64 56 6 69 72 7 71 37 89 75 42 14 6 77 80 9 13 24 86 58 16 76 59 29 64 78 28 8 45 14 45 79 17 94 74 24 39 7 37 56 37 97 45 83 17 66 60 59 2 72 65 10 56 33 34 66 29 6 95 32 0 75 37 62 18 63 47 5 96 95 18 51 59 31 97 1 9 78 10 57 83 
40 39 3 48 14 6 44 27 86 96 59 28 42 62 1 41 1 47 30 70 73 11 5 92 21 86 15 64 57 96 41 81 19 13 78 31 88 76 43 91 61 95 59 3 83 46 16 38 47 54 30 31 45 24 51 36 79 56 65 88 38 57 30 91 84 59 3 88 52 51 21 99 57 37 28 24 3 24 1 7 1 96 15 43 87 24 59 75 5 54 15 86 44 51 2 38 21 60 1 18 68 87 72 69 52 40 19 82 95 21 51 71 54 75 67 37 90 33 83 98 
18 54 32 8 30 92 82 86 93 37 16 59 50 21 47 81 94 43 65 12 53 40 23 35 46 6 39 96 40 48 83 85 65 16 82 95 26 74 60 98 63 70 2 57 89 91 46 56 9 51 78 37 5 44 70 15 9 96 73 14 57 23 11 64 36 93 43 22 13 31 82 76 9 33 58 21 58 6 43 73 42 87 29 17 18 35 25 30 36 5 99 20 47 68 40 64 43 71 33 72 83 48 69 57 62 49 34 5 1 38 16 51 18 77 27 23 61 60 74 31 
19 91 33 61 79 62 3 27 96 3 21 16 28 66 16 87 57 11 53 94 75 16 40 2 4 91 44 79 86 36 1 74 28 76 1 28 39 60 71 32 28 70 68 18 10 59 71 57 35 78 14 76 68 41 81 84 29 17 65 12 87 48 42 54 6 43 15 13 14 81 21 73 73 30 16 61 38 50 64 90 57 8 61 75 31 97 94 49 86 18 1 37 22 86 78 51 49 69 83 26 77 87 89 40 87 27 79 59 70 48 24 42 49 38 17 24 18 56 84 37 
36 66 84 96 77 45 54 14 22 82 67 8 13 22 63 32 97 87 28 90 87 42 83 60 98 29 43 63 80 85 79 29 44 61 98 95 27 70 56 78 13 62 32 16 16 41 22 94 41 21 97 24 7 74 78 3 70 55 14 65 74 33 31 70 88 28 15 27 83 63 83 2 63 95 46 99 74 95 62 92 79 30 68 74 73 48 53 82 89 3 38 64 56 2 56 52 25 41 6 85 24 58 93 11 54 20 97 87 48 65 3 67 55 13 81 41 12 32 9 17 
83 62 64 8 66 71 35 71 76 1 47 21 64 23 98 11 11 39 2 74 97 47 76 6 41 13 21 93 50 4 30 33 57 90 34 72 22 55 20 23 83 76 31 79 53 7 48 74 43 7 3 19 97 18 44 12 66 90 53 73 81 99 26 97 71 27 94 87 76 99 63 31 26 4 43 76 7 45 36 57 63 5 94 75 81 44 73 47 77 23 43 1 49 26 74 5 88 99 11 34 66 3 0 41 78 18 78 9 62 11 83 78 34 96 82 83 5 48 83 27 
73 67 74 60 75 19 33 27 73 97 56 55 92 18 83 7 60 12 56 83 93 54 32 38 12 75 98 80 91 72 38 77 77 55 32 63 70 12 19 94 79 4 45 48 23 0 38 0 51 78 84 44 51 63 34 22 3 25 47 89 87 37 37 17 24 62 89 12 35 73 84 82 82 4 59 33 18 52 30 66 77 94 39 48 34 90 78 63 76 27 36 33 94 14 62 60 53 24 22 26 68 57 84 22 93 1 18 77 96 69 47 69 70 63 3 34 71 69 72 35 
70 34 2 5 14 55 35 21 18 75 91 37 2 53 20 70 91 96 64 67 86 24 57 44 57 83 80 9 94 39 91 44 99 25 18 13 16 99 4 81 17 79 47 44 55 70 61 44 77 85 48 95 83 53 54 4 47 74 76 38 28 12 8 61 60 62 7 67 94 31 86 70 74 54 15 18 99 64 36 99 63 68 5 60 90 38 64 10 72 79 1 77 98 88 18 99 45 28 26 53 49 22 73 85 44 57 42 30 0 34 73 75 47 44 50 94 62 67 16 98 
87 81 89 85 38 16 9 40 94 25 32 43 32 53 57 92 25 95 93 71 51 4 85 57 9 40 26 63 36 18 14 84 63 19 63 24 2 93 67 59 44 38 67 16 89 67 54 93 79 99 66 56 50 13 79 74 87 58 35 69 98 75 95 54 74 7 73 25 2 52 47 83 58 18 31 56 91 53 11 16 60 49 49 47 21 39 12 57 49 92 77 4 42 89 49 6 42 19 92 1 2 57 60 10 23 80 17 50 91 55 84 67 0 48 68 49 94 20 97 68 
39 12 62 12 29 9 79 31 35 45 41 11 24 74 75 24 24 23 98 56 7 71 73 77 97 42 31 52 23 19 84 91 42 88 91 19 90 10 63 57 16 35 95 70 12 8 4 78 91 13 76 18 19 13 39 95 61 85 44 16 90 29 32 38 76 42 81 67 73 3 30 69 47 2 53 14 44 65 16 20 4 38 87 69 68 81 31 86 0 6 87 16 78 43 67 3 78 54 29 33 4 82 4 95 24 88 22 8 59 10 17 12 80 71 81 17 66 17 93 71 
84 92 97 46 50 77 96 76 28 91 26 34 95 2 8 51 84 43 17 31 55 42 53 49 43 95 11 9 76 28 50 15 30 77 41 10 41 59 21 24 85 93 23 95 83 73 68 54 10 73 53 71 43 5 52 51 2 93 52 9 29 15 30 37 53 88 76 76 91 66 56 91 54 67 24 45 37 9 21 97 24 76 91 95 54 24 1 86 18 76 56 40 55 30 34 12 7 56 90 74 98 79 58 32 70 99 42 96 60 55 78 89 59 5 17 4 32 72 72 60 
54 84 84 84 17 54 54 63 90 37 10 14 92 75 0 39 37 38 48 11 19 7 46 53 53 88 53 77 36 92 15 27 90 84 53 49 37 75 19 52 21 78 73 33 91 87 95 5 61 42 99 25 58 74 65 99 75 74 84 90 32 67 54 13 66 4 92 72 65 39 1 45 56 62 57 91 58 77 84 52 66 0 96 53 63 56 17 4 30 19 31 44 32 27 52 74 19 18 71 25 69 16 60 95 22 72 8 16 3 14 90 69 3 84 84 66 33 27 43 64 
89 9 78 33 98 82 72 44 60 4 28 22 94 63 0 37 75 44 92 90 97 63 45 67 60 43 2 86 21 82 17 1 35 95 7 96 62 79 4 57 70 57 32 58 32 24 47 44 0 29 30 43 77 15 68 82 77 77 82 45 52 43 28 81 32 10 8 46 2 72 62 16 47 83 21 78 89 92 50 72 13 88 13 46 34 30 72 18 85 52 64 94 12 64 98 43 26 65 66 68 42 35 41 85 23 42 51 62 65 37 26 71 14 60 49 83 53 48 2 64 
96 66 95 87 2 58 26 58 78 78 8 73 33 19 34 89 39 59 84 56 54 61 90 47 21 53 91 66 81 38 67 76 81 45 26 1 97 11 56 43 39 33 80 88 8 34 29 98 90 13 87 25 83 20 83 8 25 0 77 72 75 85 89 61 75 75 38 81 16 8 95 1 72 82 29 85 27 65 53 28 70 34 72 69 58 47 44 29 32 69 62 16 41 91 53 59 41 85 56 38 35 64 19 44 71 70 74 43 1 90 50 56 51 43 63 60 6 57 19 7 
23 61 81 97 62 96 0 65 30 90 64 5 36 8 43 48 26 42 40 28 41 0 67 44 74 91 54 11 23 99 68 17 33 57 19 45 78 30 94 56 6 73 23 76 72 44 86 77 24 22 46 75 24 48 28 69 47 64 12 27 85 44 81 0 5 68 18 0 5 85 82 34 73 79 42 37 86 59 32 52 50 12 85 53 32 71 6 2 99 90 12 45 81 6 21 56 82 9 37 3 55 15 23 57 5 70 33 30 65 15 97 68 44 22 36 18 59 54 5 37 
80 51 29 76 72 31 66 9 37 3 63 27 9 16 61 62 58 98 20 58 77 6 69 74 14 72 19 67 1 73 54 95 52 29 74 73 71 99 45 10 30 73 44 30 94 82 14 64 64 17 92 83 71 55 25 99 63 40 16 69 51 46 36 20 74 3 62 96 63 8 1 72 21 21 70 34 63 7 71 77 6 48 75 46 62 88 33 48 54 93 22 10 22 25 32 17 65 7 87 30 30 75 86 83 34 37 70 25 46 33 97 67 59 9 8 43 47 89 16 87 
32 47 77 84 93 80 46 77 66 13 36 25 50 79 65 32 94 79 15 7 46 0 19 50 84 88 52 28 38 80 59 88 1 15 55 37 49 51 22 54 97 57 4 94 67 65 71 9 14 38 39 8 53 19 8 78 93 49 4 58 24 42 85 80 83 82 26 68 63 4 37 15 14 19 30 74 26 91 81 37 19 0 83 10 33 60 58 13 33 68 64 49 65 21 24 44 96 56 85 56 0 71 92 31 60 26 5 24 9 26 20 7 82 80 3 5 99 29 64 1 
4 49 54 7 51 85 98 75 35 73 44 46 92 1 59 90 87 22 94 15 48 23 37 10 45 92 56 70 81 97 89 56 89 17 5 88 22 7 41 91 98 22 8 97 56 31 58 76 34 22 38 60 67 69 30 8 54 0 57 52 17 60 39 42 17 69 86 44 51 30 91 39 16 42 79 8 8 25 88 68 15 52 62 96 67 94 6 70 7 46 53 18 69 18 31 85 66 72 52 14 7 46 30 24 67 97 56 3 14 42 98 0 4 59 7 32 17 88 29 15 
49 92 65 28 27 93 71 99 46 2 25 63 71 65 50 2 8 8 31 19 38 61 13 77 76 43 21 40 29 81 61 2 57 76 40 74 25 75 80 9 9 34 40 85 83 60 16 69 78 6 25 30 47 29 62 13 85 7 75 68 70 64 37 99 61 59 45 23 38 99 68 68 38 68 93 14 61 52 38 14 40 23 70 48 10 8 64 76 41 85 28 9 33 97 84 23 29 67 7 77 47 57 89 35 0 26 16 32 84 60 37 77 41 83 42 57 25 61 16 38 
58 69 5 38 17 22 37 84 25 26 79 30 99 84 93 45 54 71 66 88 46 51 44 56 41 58 95 7 4 12 51 70 68 19 93 18 73 27 13 88 72 85 82 14 26 77 25 84 94 81 22 35 81 70 58 36 3 65 28 99 96 74 38 21 8 95 6 46 35 26 11 40 1 73 76 9 89 3 66 97 78 45 8 56 59 44 20 69 91 92 77 71 54 79 59 12 55 69 77 92 32 7 82 21 73 74 44 6 29 10 5 87 65 79 58 28 76 41 42 10 
67 55 69 66 52 17 28 24 18 46 24 43 19 89 79 43 8 13 59 56 28 86 46 62 5 70 84 64 89 20 50 6 35 27 31 52 59 2 78 41 83 40 29 4 71 88 10 7 44 37 56 81 90 95 11 91 33 50 55 53 59 9 10 46 16 85 22 9 35 73 92 88 47 6 50 81 91 25 52 84 2 57 78 17 99 2 44 63 90 81 18 1 66 42 5 73 17 69 15 30 8 74 19 88 61 33 94 93 28 49 53 60 59 82 25 59 45 30 51 64 
19 3 89 97 92 87 68 20 68 17 28 21 72 58 62 10 89 39 45 40 63 63 49 45 20 65 83 59 4 16 17 9 72 60 45 20 38 55 35 70 80 98 21 82 93 69 80 63 78 23 31 34 17 55 5 97 30 44 81 99 98 11 36 10 47 48 52 60 47 42 8 90 26 86 84 63 55 13 66 73 18 56 80 6 39 7 37 81 54 82 93 69 17 54 15 79 45 38 8 39 84 63 94 47 80 75 42 89 78 16 22 11 47 29 32 47 69 50 1 92 
89 70 67 11 81 2 40 56 95 41 37 13 73 55 50 7 92 67 56 9 16 58 32 30 80 98 38 37 92 51 49 80 70 38 80 6 17 62 58 92 82 87 48 91 0 14 81 45 44 30 52 84 68 34 63 65 22 65 64 35 20 26 29 90 19 23 77 64 93 25 75 78 0 18 59 43 8 96 8 65 38 41 32 5 0 57 6 26 42 66 35 63 80 58 83 53 80 1 22 8 63 84 74 74 61 33 98 8 35 60 92 39 49 3 34 64 24 17 50 74 
36 29 79 87 7 52 53 8 70 46 70 3 25 26 4 58 54 51 35 39 50 73 7 7 76 21 53 24 75 79 57 87 8 96 17 76 54 31 91 65 32 41 10 21 75 19 63 96 25 68 9 25 88 32 72 82 79 8 21 43 11 6 49 48 84 0 92 9 28 78 20 85 22 11 5 45 97 90 42 62 62 74 32 73 20 78 89 68 19 47 44 39 73 14 30 50 39 48 81 90 39 59 51 89 79 69 37 74 70 70 88 44 46 76 68 50 18 10 6 90 
83 2 22 37 7 95 45 54 62 86 76 22 56 24 56 1 11 91 25 60 99 79 75 36 62 4 5 45 18 5 36 43 37 24 52 51 98 14 72 86 11 32 45 97 89 84 99 10 25 22 99 61 55 22 22 53 43 61 2 70 52 18 35 74 98 97 28 17 18 56 50 71 98 35 60 36 44 41 32 7 68 90 91 6 88 12 53 60 86 43 66 28 86 67 10 19 61 83 10 38 59 81 76 83 80 25 96 15 68 96 36 2 0 94 97 42 18 99 76 1 
81 51 58 79 83 84 35 78 64 8 34 0 77 38 31 65 18 33 23 96 21 11 47 71 96 62 82 32 38 3 94 22 27 60 42 76 11 40 39 5 99 63 74 97 64 47 61 33 36 97 16 31 91 29 21 65 48 87 95 31 64 61 8 74 11 73 43 96 80 21 44 39 65 8 50 78 67 87 54 84 99 29 3 55 40 22 55 71 16 99 45 82 98 30 99 83 81 34 6 21 4 86 82 38 44 66 11 31 2 80 75 58 71 55 94 46 88 72 56 90 
37 82 87 67 96 27 54 33 8 48 13 81 96 15 80 24 73 72 19 17 95 6 67 41 78 44 26 39 10 11 63 56 59 15 45 86 33 15 67 40 50 79 57 8 16 10 87 71 96 58 81 92 73 56 17 4 81 29 87 24 64 80 76 66 78 41 15 63 22 54 81 5 39 6 75 4 6 77 67 88 17 22 15 89 32 60 99 31 58 46 5 32 37 84 81 97 79 33 81 38 48 66 26 84 80 67 73 80 79 36 48 0 69 6 2 75 60 50 70 73 
21 79 78 76 33 41 77 69 25 90 23 9 33 73 53 19 58 14 41 13 57 56 23 87 35 33 46 43 29 27 91 56 1 98 84 65 7 44 78 41 38 84 76 13 79 47 54 23 5 37 22 58 32 62 68 85 67 80 65 18 27 59 88 10 25 67 68 16 86 77 83 98 23 14 73 68 3 80 62 26 76 26 63 93 93 62 68 28 75 5 95 20 58 37 74 6 12 7 14 5 48 28 43 3 51 47 4 99 3 45 50 76 70 24 10 37 12 41 14 68 
59 29 98 53 42 3 69 96 40 38 30 31 18 5 17 55 91 77 89 63 30 80 79 58 63 60 16 70 93 78 90 5 10 82 63 32 61 52 81 13 20 3 1 15 15 17 66 62 38 90 77 1 96 75 14 83 63 87 45 42 71 98 72 56 84 57 47 19 2 91 34 34 86 19 68 52 35 11 29 14 98 51 43 0 34 78 46 28 28 29 51 49 45 89 92 45 52 16 24 52 26 29 50 0 5 69 20 92 5 88 87 36 95 76 13 99 31 70 70 98 
12 65 48 85 73 90 88 56 72 43 14 99 53 25 89 69 93 33 50 9 78 95 24 99 13 84 43 41 18 67 73 43 62 50 14 57 39 8 16 91 96 49 31 89 88 99 93 94 43 86 31 67 25 23 92 58 47 95 16 23 30 83 63 14 53 64 28 12 20 16 75 47 30 52 38 2 70 62 92 7 98 83 41 89 32 62 84 55 34 59 86 49 41 94 9 13 0 94 59 68 5 39 87 92 13 74 90 99 77 22 84 1 91 27 87 57 10 71 92 0 
44 62 16 99 32 95 83 74 67 68 86 8 76 21 39 73 52 95 46 94 41 33 53 43 66 55 78 97 5 9 91 45 30 84 17 62 85 18 94 76 82 12 82 91 59 40 30 10 98 24 56 41 48 60 38 57 36 66 71 55 19 23 81 21 86 35 20 16 84 29 17 27 93 52 24 34 57 42 93 30 63 41 66 31 27 42 62 71 21 50 81 35 87 64 26 46 87 2 36 75 38 8 42 49 50 79 58 2 40 36 25 50 52 69 50 73 14 90 11 0 
82 59 63 8 58 76 75 51 33 79 56 61 92 40 46 45 15 16 63 28 37 60 82 44 18 27 73 63 23 73 32 75 64 1 39 53 7 15 59 71 19 31 39 85 89 55 13 22 87 73 60 74 17 14 69 74 30 37 20 63 79 60 19 67 82 69 4 69 8 33 33 60 84 24 22 91 91 9 24 6 18 90 36 52 99 25 74 2 5 97 57 2 54 90 70 30 19 0 94 46 89 27 12 67 8 39 75 85 20 6 25 93 77 83 18 41 7 60 81 9 
60 8 61 11 14 33 73 98 1 80 40 30 75 45 79 80 38 37 91 55 86 71 98 94 10 95 37 51 15 52 23 63 79 39 75 51 94 51 16 9 57 22 33 16 27 34 17 90 75 54 91 51 88 71 60 18 62 11 4 4 0 96 77 13 8 31 7 0 86 43 62 43 78 72 87 24 52 62 86 13 99 72 21 84 19 61 54 30 21 99 22 40 23 88 94 6 5 31 79 83 59 84 97 43 20 81 28 47 72 74 76 77 27 13 40 83 85 21 76 72 
51 43 81 53 43 90 9 9 41 27 8 1 20 31 13 33 81 60 51 57 37 45 25 49 41 69 1 37 84 70 44 6 56 90 69 75 40 29 84 64 54 83 46 10 39 84 5 77 40 13 0 51 82 76 68 67 30 25 10 85 4 72 12 56 94 22 41 15 43 81 66 8 87 53 24 71 27 23 96 83 55 69 8 24 24 8 26 74 8 86 53 26 96 75 28 75 50 42 62 20 13 42 6 89 52 54 23 81 87 18 84 34 49 89 68 41 88 25 77 56 
4 54 75 62 48 92 8 9 62 27 6 24 11 90 77 21 22 4 95 27 97 15 65 66 60 86 33 17 17 67 43 41 12 58 64 33 12 82 56 83 29 88 47 59 73 27 1 47 0 58 25 4 90 19 64 82 58 34 55 0 45 38 23 9 31 44 19 99 58 78 84 15 84 3 15 33 59 58 39 18 72 87 45 76 13 71 99 20 25 80 80 17 15 58 12 26 66 99 99 85 88 94 35 84 33 97 24 8 74 57 95 36 69 61 25 47 15 68 78 31 
65 32 49 36 83 31 89 97 68 96 36 20 31 94 29 7 0 51 97 5 88 0 25 55 29 77 74 11 81 7 81 5 5 11 87 23 20 92 64 84 69 89 50 97 99 67 87 50 70 7 70 56 18 86 43 81 57 32 52 10 60 25 3 26 45 82 89 24 25 97 58 3 11 2 37 95 87 26 65 39 58 52 78 24 1 94 25 74 45 67 19 87 49 46 99 56 1 70 93 98 93 97 4 84 87 42 14 73 67 93 94 37 69 3 83 58 50 94 54 10 
67 90 29 98 88 69 67 45 2 5 13 81 52 39 3 5 52 54 61 22 95 18 28 79 56 47 42 94 15 58 40 78 35 12 53 29 32 17 90 7 28 16 30 12 78 13 25 53 58 51 92 86 62 82 75 4 81 7 9 42 75 4 51 40 93 9 62 86 28 99 81 49 51 37 73 72 11 78 81 83 48 46 67 66 23 12 30 11 31 55 64 72 37 18 26 96 26 71 13 13 76 34 57 61 19 63 95 26 52 34 18 52 3 85 54 81 14 72 36 51 
13 84 69 88 74 42 76 3 83 99 75 1 45 45 76 18 83 59 27 93 51 46 54 19 85 19 42 19 17 10 57 45 45 36 36 71 29 61 99 29 64 64 56 88 56 73 48 13 73 91 41 23 45 78 36 56 28 1 96 95 10 50 76 28 71 10 56 32 99 71 88 88 62 54 96 68 85 46 40 80 71 72 79 69 7 90 99 52 65 0 29 3 17 69 28 49 36 8 28 8 5 29 92 71 94 40 60 0 20 16 0 85 9 94 57 69 9 42 86 89 
42 80 46 29 0 7 20 46 96 27 34 74 1 29 27 41 58 63 4 40 17 39 73 8 94 43 22 70 80 69 90 20 37 39 37 34 94 13 39 0 26 4 77 74 4 17 17 53 56 69 74 71 8 0 76 28 61 96 90 30 34 45 9 36 86 35 61 63 41 67 41 59 15 81 23 21 75 74 81 44 11 20 6 18 54 29 22 70 1 50 61 83 11 87 1 66 67 59 42 23 79 27 9 72 3 22 58 64 47 36 85 28 20 54 36 59 76 12 99 77 
3 70 32 75 10 57 63 60 16 31 45 86 74 86 8 5 34 73 96 67 41 77 72 68 79 60 97 43 63 2 3 23 88 80 95 20 18 35 92 5 63 3 64 60 69 79 19 1 51 93 67 94 40 99 36 97 14 34 31 15 94 42 55 65 52 17 43 60 67 98 7 82 1 61 61 72 55 97 52 88 98 61 16 24 82 93 3 53 62 96 67 48 68 89 99 14 98 57 73 75 91 58 72 38 76 82 35 97 13 2 19 92 76 5 66 26 0 14 44 84 
90 29 23 66 71 89 18 90 7 39 35 88 44 31 36 5 84 30 99 97 8 89 94 20 44 22 51 3 70 55 58 71 59 97 49 77 44 85 52 21 81 48 80 54 62 38 15 73 50 1 85 47 11 45 23 71 38 88 53 96 22 18 25 7 65 48 63 56 74 82 29 64 22 77 71 69 30 89 51 60 81 81 80 70 30 14 2 56 95 17 48 47 93 11 51 29 34 93 61 42 58 23 10 4 46 22 23 73 19 91 80 26 70 12 81 0 60 42 57 86 
60 5 70 80 81 72 18 88 83 76 74 79 14 58 78 61 55 38 72 89 27 70 84 24 16 45 68 36 57 34 19 60 11 2 96 17 91 1 24 55 88 13 94 97 44 48 76 91 68 82 11 56 95 41 74 18 83 81 51 68 36 15 64 43 13 4 11 44 47 24 86 58 25 2 51 49 55 16 67 8 99 82 12 28 38 87 75 58 55 8 17 31 46 31 31 35 27 72 2 28 16 87 64 1 45 9 77 53 50 29 43 27 32 75 44 39 0 43 97 50 
1 27 95 96 50 72 55 72 27 51 91 69 36 43 87 92 74 32 84 89 73 55 95 68 43 21 66 41 62 39 67 1 8 66 93 33 8 24 14 35 41 83 76 41 58 15 35 94 37 25 55 64 83 44 19 98 5 43 1 27 5 41 79 93 32 72 1 58 36 95 52 55 49 79 34 40 56 31 3 93 94 62 34 2 55 60 96 42 91 36 1 75 18 91 76 28 99 3 76 27 44 56 62 3 28 4 85 44 43 90 84 98 63 7 68 68 96 8 36 27 
83 64 36 42 21 14 31 18 49 96 87 34 42 20 27 88 74 40 29 69 41 22 25 69 47 67 40 50 91 11 95 30 37 1 68 89 53 68 10 95 22 81 22 30 56 3 22 33 22 45 9 64 57 77 26 73 55 96 5 33 69 28 33 91 30 44 60 1 57 3 45 97 8 0 42 64 55 87 89 37 67 38 29 85 23 53 20 14 63 78 48 74 17 25 54 27 40 89 27 92 43 66 28 69 59 27 52 0 97 82 51 77 58 76 23 80 25 1 90 30 
25 49 59 76 52 83 34 56 43 12 92 3 63 58 54 20 43 3 77 76 62 52 26 15 71 49 58 47 84 87 64 31 21 0 28 46 60 64 86 84 56 47 26 35 29 62 69 41 46 32 84 3 63 7 33 90 84 33 14 91 41 59 81 76 69 24 3 24 10 96 7 97 66 68 40 42 16 61 78 32 97 86 34 6 90 15 28 61 76 0 49 73 36 53 63 25 46 79 54 28 82 3 82 87 7 79 66 59 20 60 20 75 29 85 3 62 24 95 14 15 
80 62 49 53 97 11 30 43 31 94 45 1 62 23 87 88 48 23 85 5 34 76 8 81 36 22 47 62 15 25 49 88 88 35 94 20 18 45 20 63 49 38 83 99 35 66 93 25 42 1 44 24 1 85 50 42 26 12 17 48 10 29 81 66 12 66 55 5 10 10 60 86 94 77 50 80 41 43 13 1 65 7 16 55 74 25 59 33 61 45 90 94 90 41 86 63 58 57 90 36 4 24 99 76 63 63 4 99 96 34 58 61 6 47 37 48 44 27 70 50 
82 73 37 30 10 49 34 46 11 62 7 43 11 95 33 26 78 45 52 13 74 85 44 42 28 84 42 8 59 39 60 8 90 72 34 91 40 19 36 23 60 58 85 93 92 6 36 43 29 61 41 83 8 85 83 45 81 72 40 43 67 94 54 80 14 93 28 20 62 36 15 44 43 56 93 55 49 29 73 64 45 42 20 66 87 54 89 27 23 98 95 3 1 64 69 91 35 78 25 86 44 35 28 54 41 83 9 75 57 71 4 86 42 30 52 10 61 40 12 43 
67 75 18 81 98 20 17 14 10 89 58 84 7 49 18 59 68 27 66 49 83 99 29 51 82 89 31 92 98 35 60 5 17 98 36 80 70 83 34 69 52 64 75 6 37 64 78 77 80 58 50 53 83 46 47 88 77 97 52 87 79 43 67 19 62 94 15 65 27 67 36 61 54 45 7 63 15 35 32 37 22 9 36 69 51 45 98 4 39 4 74 84 41 41 73 81 78 52 64 74 88 78 41 24 57 8 16 30 90 55 53 10 26 38 80 67 51 92 22 26 
54 50 91 43 69 18 45 12 1 67 94 34 70 76 41 59 1 18 23 1 59 47 18 77 97 25 61 4 47 35 87 52 19 86 99 77 14 48 15 28 61 8 84 96 3 73 30 28 76 78 60 12 71 75 17 32 64 44 54 10 28 52 44 95 34 38 55 27 21 82 53 30 1 96 8 38 1 20 93 80 73 24 17 30 32 11 46 84 43 29 23 85 91 30 78 34 40 77 46 28 27 15 69 4 52 7 85 78 1 28 82 12 31 91 99 82 34 91 46 93 
8 27 95 47 22 37 10 68 66 43 68 91 2 75 21 78 27 62 91 72 20 44 77 10 80 6 17 24 48 24 65 22 38 52 88 48 55 89 11 88 91 78 34 98 50 73 27 48 8 58 83 81 25 15 7 55 91 64 98 90 75 73 76 99 44 40 16 72 53 29 96 52 2 33 60 39 99 9 94 30 86 30 5 87 6 88 68 96 87 36 56 84 81 32 31 95 59 1 37 25 47 64 23 45 11 5 70 81 84 39 15 91 26 79 87 60 32 53 36 20 
24 61 61 28 84 21 84 25 23 73 83 23 39 12 5 11 93 83 34 30 56 40 24 31 69 57 68 33 97 98 3 20 90 27 25 97 71 61 74 4 87 63 45 93 32 53 88 32 47 96 74 84 81 52 24 41 91 50 15 89 30 16 86 45 15 8 85 76 91 32 88 7 37 62 72 40 21 82 93 91 19 79 14 80 47 49 68 36 78 24 13 61 58 85 81 17 29 76 11 34 93 81 1 78 32 83 81 73 26 78 19 53 88 19 87 97 62 9 64 34 
7 2 22 64 24 7 12 31 27 93 59 20 27 71 59 64 41 14 63 13 11 13 94 43 56 95 2 56 88 53 37 47 93 99 76 96 86 31 33 85 41 24 60 22 21 61 22 44 24 9 47 5 68 8 19 91 45 17 38 91 85 96 61 60 52 55 49 23 26 84 93 23 84 18 7 21 63 53 16 21 64 25 89 0 96 37 27 23 18 43 61 4 95 4 39 69 46 57 34 21 82 79 85 9 7 33 68 35 31 60 38 94 48 5 6 77 20 92 85 77 
13 60 49 15 47 21 17 93 83 63 49 74 11 90 89 27 17 12 69 39 58 45 30 57 78 64 60 63 69 38 23 30 50 84 99 63 90 4 34 29 52 5 23 25 82 17 56 95 15 85 10 37 1 51 77 16 87 39 53 5 9 27 38 54 47 73 21 67 25 51 12 29 26 99 58 93 54 85 83 65 60 92 22 32 77 50 19 71 64 10 81 84 74 73 0 83 96 48 24 96 57 86 71 27 51 98 39 71 9 69 61 71 82 51 19 39 33 20 72 5 
43 46 14 2 48 89 66 61 24 93 64 20 74 82 1 27 14 45 96 27 7 11 68 25 91 52 30 90 62 72 2 17 65 1 24 57 19 82 49 97 35 45 23 49 38 26 58 50 92 93 15 58 52 66 49 31 61 14 85 21 29 17 91 87 3 69 32 12 18 73 83 30 11 42 83 4 4 94 40 68 81 15 33 77 3 27 36 21 20 99 34 25 88 56 62 59 39 41 0 48 39 86 23 82 11 49 54 88 93 0 33 18 69 94 90 43 31 4 37 63 
28 70 30 93 34 69 62 20 7 7 48 64 87 64 86 14 78 62 77 72 92 19 10 67 62 15 55 53 55 85 47 66 23 19 63 94 30 66 11 61 95 10 9 95 79 99 15 19 72 32 43 74 29 90 95 48 50 20 39 86 44 86 67 80 63 92 73 91 37 29 72 74 55 90 80 5 2 51 63 38 87 42 45 15 41 28 80 69 51 33 90 70 80 55 72 16 14 78 75 5 22 14 59 85 54 50 84 68 52 70 78 78 32 19 47 95 33 19 37 93 
98 52 99 85 89 96 23 7 19 79 95 12 4 87 83 1 58 52 14 9 52 69 95 25 20 75 12 85 38 26 66 72 79 62 36 58 18 57 43 27 10 41 45 83 5 97 57 50 0 52 96 79 81 61 55 75 70 99 62 62 46 58 2 27 41 71 91 91 31 61 7 62 35 2 51 54 73 7 11 69 30 72 28 13 33 98 16 65 3 66 92 44 2 7 54 80 26 44 58 12 13 89 63 23 77 7 8 9 75 72 92 23 32 54 29 2 2 91 43 79 
25 42 57 82 57 15 98 7 21 56 86 58 5 63 79 4 94 70 87 43 40 71 29 63 31 62 62 2 26 22 38 50 48 49 15 14 59 2 16 13 12 46 84 54 2 17 18 76 56 89 18 71 13 54 84 71 38 45 55 94 64 42 35 2 27 52 7 95 99 4 62 24 49 93 62 17 11 2 67 10 66 2 34 46 75 66 39 15 31 70 81 35 71 81 60 15 98 4 76 56 16 13 35 45 34 52 4 0 33 79 52 11 89 10 52 67 34 90 52 80 
96 48 36 85 84 42 40 36 19 27 38 97 40 22 23 37 10 97 37 42 58 70 43 88 87 69 9 79 67 73 62 8 92 54 21 46 76 39 69 89 86 93 12 29 71 90 50 19 63 93 8 81 43 78 46 66 45 66 29 21 86 68 69 73 74 90 80 28 85 98 38 34 20 52 20 95 78 29 51 30 94 26 80 97 47 74 43 92 55 68 78 36 22 50 57 87 31 87 93 95 97 97 45 79 64 12 22 46 13 52 71 27 45 28 61 95 39 56 10 10 
24 64 78 42 47 24 78 15 51 43 47 72 61 58 0 19 82 68 92 62 27 92 95 69 26 95 89 1 11 34 73 57 74 89 2 1 82 20 65 86 99 58 54 6 27 89 83 69 71 43 43 82 50 35 92 97 72 64 35 86 99 96 43 37 63 1 41 12 55 74 3 21 11 68 11 7 66 62 74 54 60 43 63 2 64 29 59 88 67 22 87 24 57 83 21 85 93 11 56 19 51 45 47 95 52 48 26 64 86 90 12 36 98 64 72 36 47 42 53 90 
13 98 47 23 88 32 78 6 90 58 35 87 2 61 30 45 0 8 6 21 37 38 47 60 49 53 84 95 29 23 5 95 85 51 95 50 80 50 35 1 57 30 36 66 8 35 7 23 53 47 88 43 95 65 72 40 91 37 57 26 55 70 66 12 57 22 53 19 20 26 84 26 29 79 6 25 20 8 1 30 63 76 77 11 81 11 7 27 82 81 91 16 51 93 12 51 14 7 23 86 46 10 64 49 15 15 23 42 20 21 94 85 33 4 91 67 51 94 52 92 
0 9 67 35 35 81 37 80 54 29 38 19 82 36 94 27 97 45 70 84 87 98 1 60 33 18 0 71 48 78 40 19 78 61 97 11 65 69 24 47 97 88 76 34 75 15 6 23 69 88 76 88 16 31 90 75 39 19 70 48 95 41 27 74 68 31 17 47 86 8 79 13 5 97 13 18 8 2 87 97 98 38 99 63 57 38 26 21 55 73 10 73 33 90 55 51 17 57 34 25 30 5 18 78 20 35 84 95 54 46 77 99 53 73 87 0 51 88 93 33 
