33 9 53 4 65 69 46 39 97 5 23 69 87 20 84 77 29 65 14 31 33 45 42 12 74 65 81 26 31 25 65 70 86 27 34 67 57 6 43 16 52 44 65 75 69 65 11 72 21 70 21 53 64 84 37 17 66 23 66 69 4 41 46 36 41 73 52 81 35 40 75 84 74 28 61 54 94 42 31 81 60 4 74 51 78 49 74 42 13 76 27 54 17 21 89 93 73 27 93 67 17 20 90 35 21 17 87 9 76 95 45 26 89 66 42 22 89 24 32 50 0 98 31 15 6 81 15 77 39 70 38 31 73 66 4 35 91 10 77 67 69 40 99 91 47 75 36 52 58 6 33 38 71 37 45 58 97 61 69 47 
45 8 20 96 41 58 90 14 2 14 82 95 87 83 42 50 23 18 8 59 49 79 99 73 39 6 75 78 91 51 23 48 98 13 11 21 84 67 37 59 90 56 72 53 29 77 92 32 46 98 92 58 77 22 84 36 71 94 92 28 57 25 4 72 60 68 41 72 22 75 35 40 25 57 59 14 20 96 47 30 69 69 50 44 9 61 6 7 97 72 64 10 12 5 83 39 32 92 7 63 30 23 34 63 10 67 19 45 96 67 41 0 42 29 48 55 13 46 25 30 4 34 0 80 72 26 70 46 43 50 30 83 71 9 76 54 50 8 32 18 4 51 61 5 32 91 89 14 97 23 70 78 36 34 39 71 41 97 54 28 
85 89 3 92 14 71 87 23 80 97 76 20 56 95 70 57 77 45 30 8 58 37 3 11 50 35 17 20 99 39 86 85 94 51 82 73 63 83 50 21 5 89 11 70 11 88 84 93 67 32 65 96 91 19 15 31 9 40 69 21 9 95 56 47 6 11 76 17 67 74 74 34 65 12 87 90 69 48 5 37 33 82 59 10 96 0 86 15 3 52 95 70 79 57 94 57 41 73 15 74 80 45 9 63 17 32 26 91 8 37 22 46 76 14 55 9 88 32 51 8 27 63 27 60 55 74 77 14 72 98 3 97 63 17 47 34 79 4 68 46 0 27 36 53 58 50 24 10 63 87 29 24 88 92 53 13 79 26 48 49 
70 63 34 6 87 40 85 3 53 20 67 75 84 77 78 93 89 35 25 18 72 55 74 2 88 19 76 98 47 30 45 4 71 45 8 77 33 55 11 94 7 61 81 30 88 20 8 44 39 95 47 96 93 34 47 38 92 75 17 24 50 44 46 74 35 39 52 6 83 45 42 98 2 0 69 93 65 38 44 20 96 28 30 85 30 16 23 67 54 47 61 1 14 14 23 57 21 18 41 14 17 9 94 39 22 95 70 15 28 27 37 48 49 33 82 37 31 32 92 36 36 10 25 15 56 65 60 60 59 15 36 47 41 61 30 18 85 59 91 23 78 55 0 54 6 72 85 96 8 40 90 64 22 94 83 2 84 80 57 68 
76 7 1 73 85 66 1 50 9 92 3 69 5 31 29 22 16 39 94 77 37 37 29 48 51 38 40 61 32 9 61 20 28 31 85 22 44 90 56 60 56 85 89 71 25 24 5 20 67 13 47 41 30 96 83 82 37 29 60 1 36 69 80 46 15 15 25 47 38 94 0 70 57 78 18 31 82 5 3 51 19 3 90 20 27 92 38 69 79 47 34 29 76 14 94 67 0 90 3 39 85 49 60 87 46 40 79 79 25 2 86 10 42 59 95 32 36 23 29 63 64 93 56 25 63 85 7 29 85 51 4 1 53 38 73 23 48 32 33 35 76 44 0 88 56 97 92 92 81 4 29 58 50 26 46 65 59 9 87 85 
0 63 72 96 40 17 4 22 84 5 41 84 97 71 24 15 18 86 81 85 19 71 45 13 10 13 98 37 43 34 45 78 11 22 45 38 41 83 71 39 29 76 57 4 20 12 95 20 62 22 15 32 87 94 9 21 62 2 10 69 16 12 38 67 6 70 92 71 46 25 59 89 94 31 93 37 9 15 84 71 26 41 91 44 77 4 59 24 52 58 30 40 69 39 69 16 20 65 46 61 74 16 72 65 22 21 6 73 98 19 17 60 66 79 24 28 82 90 2 45 55 47 38 14 54 67 39 83 77 29 60 98 39 44 3 97 16 12 55 43 90 59 39 82 6 30 18 40 11 77 87 74 17 51 41 35 97 85 52 76 
47 4 66 16 92 71 76 40 21 72 16 31 0 94 22 11 67 21 32 71 16 73 85 33 91 37 80 63 71 93 88 39 61 70 95 93 58 44 45 32 25 23 37 10 74 82 74 65 3 93 47 26 30 55 27 39 56 1 12 30 10 40 85 13 49 14 48 64 41 21 72 85 15 76 53 41 69 73 67 75 4 64 41 9 6 88 47 27 76 35 89 96 48 4 26 14 49 76 47 68 18 50 44 52 88 17 33 76 45 44 71 31 95 40 73 44 96 9 59 22 11 69 68 67 98 77 95 5 6 95 37 0 75 69 13 12 81 22 56 54 41 17 6 66 50 53 38 8 33 2 30 71 37 17 81 74 30 42 4 66 
43 34 6 22 93 11 92 71 36 62 69 38 24 56 85 29 94 59 16 23 94 20 48 67 23 96 13 86 15 53 20 90 21 77 49 67 36 5 90 93 38 21 24 50 3 28 96 60 12 24 24 52 92 1 88 96 25 57 40 79 63 3 49 15 25 35 64 76 36 50 97 88 8 61 72 48 83 99 85 64 69 66 27 29 87 3 74 54 78 28 8 17 35 59 66 5 99 59 84 88 5 2 40 81 82 68 43 0 89 76 63 5 41 89 36 63 75 46 3 71 60 86 64 58 87 71 89 49 51 98 23 8 99 23 17 52 95 42 30 75 35 63 88 71 31 36 38 86 32 3 29 7 35 89 3 34 47 96 45 97 
92 33 46 2 55 11 97 93 9 36 27 44 31 18 64 50 54 21 44 0 22 91 56 30 30 47 73 57 2 27 56 54 22 22 71 40 88 52 50 6 3 3 54 26 58 33 35 80 43 85 86 75 64 89 34 71 86 40 64 79 84 70 6 32 73 16 57 58 68 28 64 83 66 67 41 89 36 36 20 20 3 33 49 20 72 64 79 14 82 89 18 10 14 49 6 47 1 77 83 75 35 91 94 82 67 3 13 9 73 5 10 68 35 59 69 32 54 93 6 33 80 27 47 15 27 1 97 99 3 81 34 88 47 75 54 16 74 0 81 83 39 47 13 26 81 27 19 46 97 78 66 5 85 53 98 94 24 45 25 93 
95 46 29 1 25 88 74 16 49 60 81 62 93 64 11 10 17 62 9 49 43 68 10 11 43 59 51 31 53 83 37 65 15 57 0 9 85 2 3 39 65 76 41 47 86 30 37 37 46 12 13 0 62 65 97 39 3 97 65 28 34 67 94 1 11 7 79 65 83 54 25 11 86 45 8 77 52 75 45 49 33 86 52 18 80 34 98 79 3 86 82 36 6 19 28 43 55 89 60 29 20 82 63 20 79 93 45 13 36 27 40 83 25 97 75 77 33 59 17 4 11 60 1 89 34 52 0 73 92 95 9 51 32 84 52 70 7 53 25 15 17 32 88 85 39 7 58 42 71 3 5 7 2 28 12 65 30 50 23 63 
70 38 72 87 7 71 78 8 60 93 70 17 15 50 6 16 54 92 19 6 66 91 69 48 33 12 45 91 23 12 48 62 57 81 68 56 82 3 53 49 52 4 21 25 85 68 28 58 46 95 35 79 14 24 95 83 25 70 63 1 94 39 49 35 6 80 46 73 6 90 27 82 57 17 81 19 16 84 6 72 13 51 5 98 26 80 6 21 33 6 62 56 17 34 75 41 13 25 98 39 65 3 80 57 26 36 25 4 48 50 84 13 22 60 86 81 57 21 13 91 11 92 66 29 1 22 19 20 18 90 95 96 86 20 99 6 93 17 20 18 84 1 70 83 70 22 93 71 64 79 30 1 10 64 55 52 76 0 17 57 
38 32 10 1 19 53 18 72 78 11 67 79 91 20 82 17 71 74 52 74 89 46 28 83 65 53 28 97 91 76 73 59 11 0 45 77 59 79 83 0 70 88 22 61 90 97 84 36 71 21 4 73 54 15 44 24 74 61 47 14 8 15 96 84 28 29 55 82 87 52 30 52 86 42 3 80 40 52 85 82 6 45 24 38 52 28 32 19 76 60 60 61 47 46 99 23 7 94 69 93 60 27 80 25 92 68 74 31 19 8 71 34 90 93 84 13 41 58 35 86 80 62 50 77 49 6 39 39 20 30 18 91 27 6 30 59 60 44 64 90 3 56 71 19 44 16 8 55 18 46 71 38 86 22 98 60 54 4 48 18 
88 33 37 45 16 37 20 84 52 96 45 0 55 7 49 56 8 72 99 93 46 38 74 24 33 67 85 43 86 77 45 10 12 86 51 29 4 93 5 84 60 7 22 66 14 68 4 18 38 82 77 30 88 44 32 2 89 42 83 88 52 36 60 41 82 85 89 75 99 15 90 60 0 71 92 86 82 18 18 99 60 73 42 10 0 84 46 46 75 68 86 89 5 0 0 31 42 22 48 29 19 71 2 90 64 21 93 46 78 73 72 10 21 14 32 53 93 6 10 53 85 82 98 50 58 82 68 1 26 48 48 21 18 56 35 97 32 52 10 65 14 20 39 50 25 62 30 86 39 31 66 7 93 39 25 71 78 17 66 75 
73 52 55 58 62 36 89 81 93 93 8 54 20 30 17 41 77 62 7 94 89 43 63 8 44 34 79 62 37 84 68 44 59 59 91 40 2 10 30 17 91 33 17 70 69 98 58 63 32 53 53 76 24 18 53 78 7 51 42 52 43 63 3 46 1 75 57 77 17 66 59 48 12 95 88 53 46 80 62 59 72 47 59 30 59 22 82 16 94 82 13 25 5 50 26 17 66 24 68 8 10 41 74 65 84 53 58 46 40 62 30 41 81 77 51 43 34 79 45 39 54 85 62 49 79 4 51 12 52 4 14 80 4 7 46 75 65 77 47 59 3 85 79 7 98 65 29 86 9 64 53 58 48 13 73 89 47 75 75 29 
70 57 11 17 66 7 25 3 92 26 41 72 13 69 67 51 99 58 31 30 20 27 81 57 69 68 31 16 13 18 34 71 4 19 22 25 70 98 58 11 28 1 2 24 15 45 51 66 58 3 3 5 5 64 25 9 37 88 36 69 54 82 66 13 97 72 70 16 59 22 12 76 56 98 5 65 54 30 54 78 11 99 98 35 86 7 92 74 68 96 98 92 64 5 82 14 1 44 2 40 40 69 40 32 2 10 49 68 51 98 81 42 31 24 30 9 38 36 70 71 35 47 55 87 2 75 56 74 82 99 84 47 63 54 0 73 88 2 11 68 67 10 30 93 91 64 30 79 13 31 2 65 54 81 22 16 84 49 87 57 
30 88 45 4 48 79 26 46 70 58 63 5 0 83 69 0 96 90 75 80 42 69 43 23 59 36 50 90 49 48 15 91 74 18 8 5 51 9 52 16 42 98 33 20 83 81 73 51 83 98 54 63 55 62 93 17 95 32 18 79 28 23 85 65 10 48 48 83 90 35 45 42 37 93 32 23 91 5 78 40 84 79 85 22 55 21 34 83 98 34 65 65 23 62 42 72 45 3 70 69 37 17 42 93 27 26 25 0 52 44 58 62 35 28 85 42 89 90 39 21 82 2 54 54 44 46 87 82 4 6 96 43 6 13 42 22 87 86 77 15 72 34 80 91 55 98 52 19 73 81 7 39 83 11 80 51 82 61 15 61 
61 39 55 15 56 53 29 0 49 37 78 2 32 12 13 37 99 24 89 22 46 56 58 54 18 16 74 54 65 43 53 19 37 36 6 36 23 91 81 26 69 22 94 20 56 77 55 25 99 58 91 95 41 28 74 23 89 44 9 45 27 96 15 59 22 90 17 42 52 16 75 36 25 87 92 22 74 62 43 26 73 40 86 24 11 13 31 32 72 23 20 75 84 99 30 90 39 70 10 10 75 0 66 67 74 38 11 66 70 10 59 60 39 80 39 34 58 60 22 72 42 28 90 89 91 25 56 46 93 18 31 23 91 43 60 28 0 56 34 93 51 18 34 5 44 11 61 99 57 23 89 47 89 31 1 67 68 55 18 98 
45 8 36 16 50 2 40 64 20 67 73 76 94 83 30 82 72 87 16 21 55 64 18 0 20 22 22 25 24 3 92 21 81 14 38 81 52 14 57 6 2 28 69 75 84 51 75 48 90 66 36 18 15 66 93 62 28 84 99 84 25 91 19 72 74 41 11 48 22 43 79 93 25 6 27 67 68 3 22 80 92 30 76 17 74 77 46 37 14 63 51 2 87 6 64 70 30 23 45 98 39 31 79 6 10 64 56 9 19 79 27 5 22 77 68 7 87 14 82 40 6 78 82 47 21 12 43 33 29 18 24 73 83 6 76 59 65 27 23 95 0 36 14 57 51 15 31 7 32 43 64 37 32 7 79 34 75 96 32 30 
22 26 92 88 66 82 19 67 59 57 71 23 63 58 95 19 55 66 24 85 6 75 27 67 30 99 41 5 86 98 52 5 88 53 54 53 5 50 40 3 96 95 43 76 71 44 17 81 18 71 7 37 59 1 53 10 72 33 99 21 43 18 32 19 36 66 19 11 24 52 92 33 3 88 30 64 38 11 16 12 90 9 78 81 71 8 88 65 76 11 38 41 60 14 13 48 22 96 44 7 26 66 62 17 78 96 61 23 42 40 35 3 89 84 20 92 11 44 56 32 10 68 22 34 23 48 73 17 15 98 28 70 61 50 89 5 90 9 17 51 58 3 24 79 48 84 8 90 35 21 41 27 53 84 27 39 91 55 1 41 
57 56 71 12 10 88 22 80 30 9 25 86 65 53 79 99 65 34 33 66 85 14 57 66 31 86 64 76 49 52 56 45 2 55 14 6 10 78 98 84 0 40 90 23 95 59 1 17 92 49 93 95 95 90 76 95 59 56 19 19 46 60 87 69 76 78 52 11 87 41 45 63 64 55 25 83 51 55 65 63 68 4 22 66 86 30 51 81 34 82 86 97 40 43 87 62 83 11 32 23 97 64 57 26 95 34 84 84 47 84 11 32 29 53 38 58 55 16 55 37 32 32 16 97 90 35 22 87 55 34 16 83 96 72 7 83 53 89 20 65 98 91 44 40 84 93 35 55 67 67 93 18 9 58 98 41 89 61 34 16 
68 53 66 41 25 51 95 49 40 11 12 19 63 61 89 11 98 59 93 76 30 45 72 43 99 42 94 93 9 53 1 51 84 6 95 84 5 56 88 67 69 10 35 55 80 3 18 57 22 47 59 43 36 83 53 35 46 18 4 66 42 26 49 44 84 86 79 50 42 91 34 60 61 48 86 17 66 13 6 47 38 11 44 57 26 52 25 88 45 91 32 99 94 29 4 13 80 31 54 55 7 98 32 89 67 2 72 85 90 61 0 9 20 63 42 83 89 85 66 95 23 92 10 51 8 8 39 99 49 84 67 89 79 35 7 24 62 22 84 62 51 97 13 4 2 22 58 67 20 79 89 1 12 5 81 44 86 62 74 42 
55 37 27 10 81 91 39 2 49 41 57 99 90 81 89 64 22 82 14 50 22 64 5 33 0 78 21 62 79 48 49 41 26 80 32 7 81 38 98 41 60 60 73 56 30 61 73 79 20 58 28 63 38 61 49 78 55 35 88 94 96 48 47 17 48 42 3 97 63 33 83 72 52 79 60 18 93 92 45 82 86 25 23 46 86 67 89 6 33 69 64 91 6 46 56 90 55 63 29 42 48 95 35 43 7 6 94 36 54 59 8 6 18 71 22 43 69 41 16 18 90 79 5 91 84 41 21 32 4 61 39 10 61 29 87 91 1 50 66 43 62 53 56 66 84 59 91 38 98 65 21 67 16 71 18 46 55 34 93 26 
99 29 57 35 72 47 89 7 79 60 54 47 77 92 43 4 58 49 28 52 20 9 58 16 89 56 23 63 77 5 48 59 23 34 96 15 58 44 32 44 20 88 7 4 62 43 94 28 96 56 68 75 24 72 2 60 36 74 35 96 77 51 24 45 5 98 24 17 83 5 51 57 76 42 85 46 8 76 17 62 23 77 88 57 80 13 32 76 52 91 73 39 52 6 90 24 6 21 52 39 38 90 93 26 41 98 43 92 8 23 96 22 68 7 1 6 87 89 46 84 77 7 46 16 74 49 46 68 27 30 85 57 73 17 73 29 7 26 26 5 99 56 95 3 22 86 89 97 97 94 11 51 23 22 51 53 38 86 87 40 
47 67 34 26 88 7 33 0 49 27 81 47 14 10 75 87 19 42 50 3 51 48 86 85 54 39 77 31 85 58 1 29 37 78 2 94 12 94 19 73 21 87 98 51 40 22 19 17 14 45 12 38 3 26 86 14 29 58 28 79 42 94 8 45 77 90 76 14 60 5 23 54 80 23 96 31 44 68 99 68 25 12 14 6 44 20 85 61 3 24 7 84 2 38 2 24 78 67 36 98 93 58 57 35 58 14 89 2 18 7 15 74 93 56 9 63 38 50 30 3 35 41 61 52 89 1 46 2 61 23 32 61 76 17 26 89 58 81 29 35 28 42 18 53 55 86 19 32 77 82 68 83 13 72 80 9 82 78 74 82 
84 68 76 68 79 49 3 55 6 52 13 2 28 28 44 29 35 50 85 83 33 5 76 27 35 18 64 46 43 52 38 36 55 17 92 33 8 11 44 78 94 61 1 0 92 11 46 38 51 28 40 24 72 87 76 54 34 55 14 48 68 68 72 8 4 72 54 75 23 58 9 38 66 69 33 69 82 96 42 0 19 87 55 57 7 46 44 49 38 60 93 27 11 63 95 70 70 30 15 95 84 31 19 4 53 5 6 2 52 17 8 35 4 57 34 39 45 98 16 22 69 49 54 36 20 44 56 11 44 73 8 91 42 14 51 1 34 44 1 33 27 41 18 15 69 58 25 98 96 13 57 7 60 21 95 23 81 71 5 16 
71 6 44 80 51 22 10 7 5 95 78 15 23 9 14 96 81 97 88 97 81 68 98 80 74 85 50 67 0 72 91 55 37 55 67 93 12 83 74 60 97 60 62 40 66 89 88 4 15 58 7 11 38 83 3 88 62 91 56 10 74 87 58 33 86 22 36 30 61 21 7 3 25 34 71 55 93 23 29 64 20 31 83 23 71 55 75 77 38 9 24 23 74 20 63 2 77 23 88 67 34 63 41 62 40 89 51 65 68 61 64 73 36 85 20 53 4 4 19 95 56 90 73 7 0 85 78 19 72 84 70 26 81 83 35 47 81 95 55 99 77 61 55 82 33 39 89 81 82 36 91 33 95 37 14 35 20 74 39 52 
20 12 60 6 30 7 30 60 0 72 13 68 66 13 94 82 58 80 58 64 72 53 61 0 54 84 31 30 68 96 68 17 17 67 85 71 21 38 30 19 68 7 61 69 94 72 11 48 72 15 5 23 13 74 56 58 42 6 78 31 11 3 16 70 62 83 71 89 13 84 63 20 82 56 28 93 31 93 73 48 77 67 4 60 9 15 1 31 70 12 91 52 85 22 50 90 56 91 27 84 84 23 33 21 29 99 50 95 58 25 1 8 76 85 29 79 85 35 24 56 15 10 76 61 82 74 94 6 25 36 3 6 43 42 89 91 62 45 8 19 84 16 34 73 47 63 81 75 26 15 55 67 81 95 73 33 90 87 26 80 
71 54 47 29 82 79 27 26 64 88 8 95 57 69 98 52 17 85 99 54 83 61 18 45 96 21 24 14 71 27 47 73 52 89 42 82 35 31 95 10 9 78 83 39 25 72 24 66 82 48 20 80 16 77 21 83 29 58 87 22 85 91 8 88 16 97 92 17 94 80 4 50 11 56 18 44 68 5 3 52 35 63 14 46 1 62 78 67 12 63 13 61 40 83 35 15 79 96 7 36 4 63 8 58 89 66 26 9 44 91 67 31 47 85 7 17 24 81 60 54 9 81 21 75 30 17 55 84 7 26 55 71 64 93 78 43 67 57 35 66 70 89 55 59 26 34 92 50 20 82 60 97 69 61 12 91 23 4 92 77 
63 0 53 25 38 48 0 35 79 57 64 54 19 17 91 11 56 1 4 83 45 7 7 68 45 82 52 89 98 18 51 25 96 23 35 89 13 71 53 39 85 32 47 22 96 92 56 64 96 77 3 62 92 98 6 95 39 22 94 72 58 44 44 55 96 48 68 24 36 64 5 60 90 38 53 76 94 96 76 23 77 26 23 55 59 13 21 46 42 84 59 85 31 57 87 4 32 12 82 98 34 42 73 70 18 32 74 26 90 54 27 4 94 65 63 39 54 34 75 3 15 4 47 17 87 78 24 83 3 32 92 75 52 51 36 14 5 94 19 40 96 2 22 56 42 36 72 8 73 60 24 46 19 9 85 29 10 21 24 85 
37 37 40 11 21 38 52 54 28 79 42 33 51 88 93 65 37 67 96 57 7 57 80 91 88 42 60 41 83 94 78 10 73 58 0 0 33 90 54 52 54 87 72 16 27 33 38 75 49 91 43 34 45 55 87 36 75 84 78 10 15 43 91 18 95 45 18 57 17 16 90 51 49 71 89 23 6 88 27 80 15 65 54 49 56 11 21 87 69 21 97 18 0 81 35 62 83 8 86 73 7 51 56 59 9 49 71 55 48 8 36 52 62 56 60 10 23 64 3 71 99 68 36 97 92 90 65 9 57 12 57 59 74 9 98 11 38 77 6 61 86 48 18 75 38 6 33 95 11 11 40 7 34 5 58 89 91 50 63 62 
82 80 55 42 3 82 75 92 12 67 14 34 10 70 66 63 69 10 83 94 3 83 35 25 66 66 20 45 1 40 3 96 97 39 26 46 88 20 47 95 34 73 56 39 25 9 55 82 96 91 24 61 0 14 60 75 42 80 51 68 51 93 74 60 83 47 6 99 59 76 47 52 26 93 2 52 53 88 92 98 77 60 95 34 21 69 52 53 50 61 3 47 64 49 34 60 39 40 25 54 60 24 46 9 38 81 35 4 99 36 63 64 50 84 24 30 4 66 76 57 30 21 25 47 10 5 70 66 0 90 21 55 99 45 32 21 61 30 66 96 98 96 39 11 14 13 29 23 80 26 48 13 82 67 44 98 59 46 44 40 
30 34 61 11 40 16 21 63 51 27 60 51 14 61 49 38 39 58 92 5 15 24 13 80 68 82 47 56 57 43 87 44 13 85 79 98 64 83 81 35 7 29 41 86 40 34 10 12 27 92 17 7 14 46 21 69 85 44 83 2 16 98 0 58 43 97 46 42 90 52 69 41 22 10 69 83 46 73 42 6 21 53 67 11 16 17 94 77 67 71 97 36 27 44 10 86 32 46 45 43 56 55 84 19 25 52 7 66 56 86 51 80 36 50 43 66 36 30 93 78 79 49 60 58 11 61 0 88 85 56 69 14 16 98 92 93 78 5 66 11 93 28 83 98 85 0 41 71 38 60 21 25 76 28 91 43 30 29 19 79 
91 25 17 23 2 71 23 1 97 88 2 46 19 40 33 57 82 86 74 20 20 13 91 34 43 54 69 94 42 59 43 80 88 31 34 5 96 34 3 28 45 92 73 28 40 3 3 12 65 58 57 91 54 57 3 45 53 12 84 49 9 80 96 22 74 50 18 92 78 80 8 46 86 71 79 1 65 83 48 91 84 49 18 69 27 40 85 0 27 44 9 83 92 0 76 42 48 70 65 64 82 27 85 50 72 18 40 12 6 44 15 65 63 16 88 21 19 45 45 47 99 16 49 93 88 52 51 12 94 98 74 4 32 48 6 20 38 58 47 15 46 47 87 84 21 64 58 12 2 17 51 29 37 5 24 36 23 30 64 8 
26 22 89 7 89 29 42 15 92 52 91 96 69 43 90 17 20 90 13 42 39 48 28 32 66 86 44 35 10 81 70 56 96 59 48 34 30 46 57 15 70 48 62 72 53 68 54 66 18 89 77 1 24 95 36 25 85 81 78 40 83 43 3 19 9 34 14 51 76 72 17 85 69 20 17 9 36 50 41 60 82 70 0 12 6 83 17 35 85 84 25 64 87 93 78 36 14 69 0 73 90 64 77 21 13 90 29 84 5 85 63 20 28 56 45 98 91 66 29 45 54 8 32 62 77 21 38 29 81 38 27 75 40 87 85 18 82 95 48 49 28 93 18 68 7 77 80 8 87 93 38 35 87 5 75 92 55 70 82 90 
54 90 1 57 51 68 62 91 68 32 39 84 48 65 53 3 58 24 10 90 96 60 40 70 27 72 27 25 41 67 50 52 27 59 24 71 22 96 90 90 4 96 86 72 23 55 96 71 83 57 39 92 89 65 74 8 74 34 92 63 97 14 76 5 48 79 40 42 48 36 7 5 7 30 48 8 90 74 14 43 73 57 15 12 1 68 21 6 69 92 70 32 51 6 38 7 73 11 3 42 57 58 47 75 95 89 17 97 46 55 88 56 10 34 22 22 99 84 18 81 90 49 29 7 29 63 12 6 25 19 30 24 6 6 4 32 47 93 57 57 82 55 78 88 6 39 64 25 31 29 58 46 68 97 34 63 12 1 28 28 
85 58 76 10 43 51 89 70 81 82 1 30 62 62 96 81 48 5 70 24 42 16 20 40 51 85 88 94 60 7 23 33 36 91 98 12 64 5 53 61 8 35 66 66 63 15 13 3 25 54 34 21 37 24 19 50 67 61 17 36 83 72 31 9 28 38 47 57 34 95 77 78 98 47 4 33 62 83 5 42 24 90 34 80 64 13 8 47 70 59 81 18 48 9 93 63 9 2 60 41 23 21 21 72 79 12 88 26 1 37 69 66 2 30 16 14 54 67 48 95 51 71 62 92 29 42 13 79 90 4 48 24 57 97 31 27 80 83 30 41 60 81 54 5 54 45 27 53 11 20 80 36 73 49 32 29 69 36 37 62 
6 3 14 87 97 89 46 8 87 60 5 52 29 53 27 51 94 54 21 96 31 48 84 48 20 66 5 31 74 96 14 89 27 49 98 92 91 73 29 68 27 17 98 81 45 29 31 80 42 72 20 34 63 36 48 2 69 28 92 99 88 1 26 43 65 97 90 43 36 92 97 27 2 64 56 6 24 99 54 91 62 48 35 55 45 75 78 59 13 38 82 55 30 32 62 5 56 76 3 96 13 60 36 28 43 88 59 42 8 41 76 98 85 55 88 49 28 45 82 23 89 0 19 55 16 6 22 35 71 8 30 26 92 25 16 13 77 47 19 6 48 24 17 26 25 54 38 6 93 52 79 72 30 91 87 10 23 9 46 62 
83 53 4 90 60 6 75 57 6 80 28 52 10 99 71 60 29 53 3 64 74 38 32 75 92 30 12 26 55 89 45 37 52 83 42 10 17 9 6 67 36 36 82 44 30 71 79 35 45 79 7 30 25 4 20 63 54 28 9 1 88 56 99 67 2 6 4 79 99 82 69 96 39 58 31 94 87 34 2 32 0 80 17 8 58 44 93 54 94 68 99 75 12 67 63 46 10 59 91 92 22 4 57 37 83 18 63 52 6 56 56 29 70 51 36 72 20 13 17 61 16 34 12 28 18 12 39 22 8 10 6 45 77 95 66 53 17 24 32 70 80 27 87 67 17 28 39 2 27 51 93 0 4 70 63 72 74 90 43 56 
41 30 80 40 59 99 84 30 92 27 47 46 0 46 95 21 35 59 36 99 66 11 21 65 91 59 93 29 81 6 43 47 87 2 73 4 72 46 4 49 36 34 86 74 54 85 1 11 80 50 30 79 44 92 11 90 0 67 49 5 32 27 41 66 32 67 58 50 36 94 76 73 11 96 76 10 10 39 13 86 74 99 94 67 68 67 66 12 80 23 85 43 63 11 50 1 41 60 26 63 16 69 0 15 79 87 4 19 37 77 24 84 98 65 47 31 40 73 85 62 17 82 67 71 36 4 64 18 56 66 39 95 49 45 72 3 32 27 3 65 61 83 97 76 73 43 54 58 84 77 96 42 43 55 46 54 0 43 30 34 
40 63 26 8 70 22 0 96 17 34 53 42 92 53 47 94 19 56 44 7 30 5 72 3 17 19 81 0 93 7 99 56 40 53 76 66 37 87 62 57 46 49 86 69 56 82 14 94 49 70 18 14 88 18 59 64 66 33 15 9 16 59 13 75 27 28 75 70 34 57 62 29 65 89 14 88 48 85 17 17 78 96 94 57 81 36 50 2 8 75 47 5 96 42 4 56 1 0 62 7 32 28 4 43 1 75 16 40 71 39 37 32 67 57 39 37 95 94 13 92 44 52 45 56 99 34 56 10 43 1 91 9 16 96 53 60 50 91 30 22 47 79 69 87 61 5 52 26 29 72 61 16 43 35 43 41 94 12 44 26 
24 72 50 44 12 28 44 63 57 69 51 53 11 44 27 37 93 85 4 79 11 93 29 84 14 46 47 30 24 53 93 63 1 39 58 28 2 64 70 13 15 43 87 42 45 49 55 49 37 0 37 44 20 21 40 35 98 70 13 86 12 36 3 57 32 93 49 15 44 2 51 58 22 16 66 49 42 92 13 58 96 55 68 13 43 37 59 4 79 11 93 93 83 4 59 18 0 73 96 27 36 42 50 70 29 94 46 16 99 10 26 11 61 83 95 38 22 13 86 64 62 69 88 13 59 0 98 62 94 14 69 83 56 47 69 61 67 71 56 72 74 75 12 23 86 79 59 95 90 15 99 21 7 82 45 3 21 41 16 60 
30 19 31 26 84 86 10 46 2 36 13 55 71 3 76 51 58 31 41 78 72 10 79 41 1 4 37 3 41 5 72 75 95 48 32 85 32 14 33 27 25 98 76 52 85 90 40 63 75 53 93 83 92 58 41 32 57 38 77 96 15 1 16 95 85 62 34 54 91 69 83 34 78 76 57 14 99 79 38 34 49 87 80 41 22 71 52 0 58 29 55 80 6 79 39 74 45 89 53 76 17 89 27 91 35 2 16 13 21 30 13 18 84 48 84 75 6 52 43 39 69 14 20 61 56 12 71 21 94 91 64 8 89 32 23 83 74 89 23 58 67 40 73 80 64 30 15 63 29 41 75 80 8 70 0 39 8 48 55 15 
92 70 39 5 26 76 26 20 82 68 76 12 57 7 40 84 85 96 51 49 56 49 65 42 70 25 26 71 99 49 52 56 77 18 27 5 2 57 18 17 87 9 2 51 64 20 38 53 37 83 78 4 31 12 73 85 38 90 42 47 99 87 40 31 68 1 50 54 16 80 73 40 39 10 39 42 7 85 5 5 13 8 32 33 99 63 52 93 86 60 30 29 91 3 2 3 77 72 11 24 41 51 61 49 81 36 96 27 55 35 39 70 54 93 47 29 82 65 91 46 25 39 24 80 5 12 19 57 48 47 52 70 97 86 88 88 18 15 55 10 32 90 70 16 8 56 44 46 92 93 39 54 71 53 1 18 91 49 63 18 
80 17 5 0 24 96 5 96 88 43 14 44 54 59 47 45 30 59 74 11 19 93 72 69 31 25 1 68 86 59 49 89 97 57 33 67 31 66 36 65 17 90 17 39 67 56 75 76 90 83 69 1 29 14 61 1 86 14 91 85 48 97 47 66 29 89 34 65 88 39 43 23 45 90 77 0 78 76 23 90 71 12 36 72 52 36 25 78 97 69 33 37 66 73 75 23 14 38 46 62 49 86 71 79 10 76 83 41 37 7 61 21 26 25 73 34 4 57 39 34 60 57 52 75 96 29 16 66 72 82 50 42 96 35 72 36 13 95 75 37 87 45 52 50 27 89 90 29 57 4 89 31 71 16 32 27 58 71 51 89 
11 10 67 2 8 57 54 48 57 94 71 4 64 19 43 19 7 29 19 8 78 17 22 97 29 47 40 42 3 82 43 10 0 85 49 31 42 74 39 4 20 17 28 76 75 60 63 42 81 18 14 78 55 5 4 74 83 91 69 35 23 68 63 42 44 54 76 99 49 28 90 19 0 58 36 55 44 81 35 46 91 84 61 2 59 86 29 73 33 97 94 71 36 89 41 75 93 84 27 59 78 21 83 60 10 48 90 95 93 41 49 66 17 88 15 93 98 4 41 74 41 27 29 94 58 28 60 34 7 74 39 30 75 2 71 88 56 15 63 65 12 52 49 15 66 17 48 13 24 46 14 44 11 72 66 72 49 99 31 77 
92 71 98 89 52 69 11 22 11 61 76 59 76 88 85 11 85 21 22 59 96 31 20 54 49 38 61 0 23 68 67 79 34 82 27 77 95 35 9 27 66 8 96 91 26 96 72 82 31 7 18 46 16 21 19 94 56 99 7 86 94 50 27 21 84 18 80 9 18 15 55 24 17 52 26 66 10 23 8 39 30 46 81 18 67 24 51 1 35 1 53 83 24 27 64 53 55 75 20 53 19 68 4 67 79 84 61 79 55 42 26 91 88 39 98 54 82 77 13 53 3 58 95 41 56 67 85 98 50 36 25 17 4 2 4 44 13 38 85 62 69 12 35 27 38 59 53 53 33 50 82 27 23 90 85 70 83 3 84 56 
73 55 20 69 54 32 94 1 15 51 61 13 0 48 41 2 66 39 63 50 91 84 24 53 39 41 26 19 94 62 22 99 61 57 53 22 96 25 88 76 38 31 96 45 77 11 48 34 92 28 29 37 99 49 83 98 79 40 64 57 82 31 45 49 62 68 67 5 0 25 54 80 86 14 71 35 31 22 60 94 74 14 25 26 28 98 98 55 40 38 38 61 67 5 66 54 46 12 27 16 85 77 52 44 88 56 59 23 45 36 85 76 7 12 68 90 18 30 5 2 39 57 81 55 12 23 17 29 27 12 28 47 34 61 24 85 65 94 95 97 86 21 98 36 66 6 56 55 70 4 75 63 42 90 15 87 89 69 32 67 
15 50 43 72 42 68 55 21 71 60 85 51 26 59 75 11 61 71 60 23 89 32 67 39 6 59 70 84 40 7 3 3 51 33 27 8 75 42 6 99 51 21 14 46 7 8 86 82 62 76 99 37 6 76 92 71 44 42 88 93 35 80 53 85 28 12 61 2 72 21 2 52 75 56 72 91 95 77 98 21 46 82 88 78 23 16 89 74 35 19 43 59 14 98 89 31 69 53 29 78 3 8 64 51 64 17 41 74 37 49 80 48 56 51 18 72 81 20 4 71 40 23 25 16 70 20 57 36 31 84 21 20 50 77 22 31 81 27 13 37 95 87 5 19 51 61 93 70 2 70 51 51 96 83 0 57 40 87 48 2 
17 93 98 66 76 12 92 35 24 75 19 57 41 63 86 61 75 57 43 28 87 9 84 32 17 39 67 32 50 3 31 47 72 26 3 38 35 1 63 65 26 12 34 23 58 68 45 47 66 9 54 76 16 70 4 1 25 18 56 29 83 99 34 3 85 65 13 83 42 17 49 39 18 77 98 28 20 62 58 71 8 99 99 4 76 75 3 2 89 98 26 76 20 87 55 77 15 22 25 9 18 94 14 54 73 54 8 36 19 70 12 83 86 97 59 66 84 71 9 11 93 78 39 57 3 71 46 40 5 10 78 8 11 54 3 36 39 3 9 69 73 62 98 7 89 55 36 86 39 84 84 27 74 90 71 71 57 36 62 77 
89 73 3 35 76 5 7 73 90 62 72 71 95 76 14 7 4 76 36 66 57 48 20 54 5 86 58 83 63 23 77 4 91 65 56 58 72 98 80 64 34 67 2 71 74 28 54 84 93 50 15 35 62 17 76 9 55 51 14 32 23 33 83 97 17 15 81 35 80 15 98 93 20 1 59 56 24 84 31 98 10 85 39 93 59 87 36 97 71 26 21 71 51 29 8 18 44 88 72 83 70 63 88 11 77 94 85 12 28 51 71 81 48 31 43 40 76 68 10 6 31 79 64 27 88 81 94 97 75 56 40 52 5 31 51 97 72 34 94 94 30 14 49 78 86 76 14 76 8 20 52 99 41 44 72 22 19 23 41 0 
26 70 15 69 6 98 45 67 89 16 98 85 96 63 11 11 1 8 73 90 97 3 87 6 38 68 99 95 70 26 44 63 14 60 29 99 71 38 71 61 32 89 74 60 0 78 38 26 57 61 81 0 85 86 89 20 58 7 86 0 71 32 20 99 19 81 94 84 72 6 51 3 53 22 49 11 62 67 47 44 63 69 64 41 95 90 21 4 51 30 95 98 84 31 87 32 10 75 22 26 42 17 68 36 20 29 57 91 82 47 88 8 80 84 61 69 89 4 76 40 80 31 0 14 13 22 0 6 50 43 47 93 27 56 10 32 4 13 66 55 56 96 25 28 73 92 54 15 21 80 38 74 51 54 46 62 2 64 50 89 
15 91 80 4 9 63 13 64 68 61 58 38 47 66 55 25 89 37 1 18 56 16 8 41 41 53 50 56 2 68 18 16 2 55 40 19 12 75 15 30 92 3 35 22 31 56 91 16 98 20 44 60 32 87 66 94 7 23 77 19 85 2 69 77 9 90 1 91 55 98 43 32 57 74 27 52 88 28 6 86 56 24 7 74 44 40 75 26 37 81 53 73 78 99 78 45 60 62 38 89 48 43 57 76 83 1 21 78 11 80 0 35 0 87 2 80 93 50 34 69 23 35 12 81 44 96 12 45 69 39 19 48 98 26 66 17 17 72 20 52 64 76 88 31 9 12 67 64 99 69 9 77 11 70 25 51 23 93 67 6 
76 36 11 66 46 23 93 96 13 15 43 93 24 94 55 83 64 19 37 17 76 0 82 59 22 3 81 29 43 41 14 42 81 82 95 57 78 26 61 15 94 64 7 78 20 97 5 55 69 52 18 30 80 46 91 66 23 29 76 81 37 14 6 91 5 52 18 99 99 60 51 96 43 66 83 87 34 37 55 28 42 22 24 46 32 55 16 43 66 36 72 27 95 54 75 71 11 19 38 41 58 46 44 76 50 52 95 85 4 33 8 97 41 35 22 15 28 9 29 10 62 49 47 83 22 83 77 47 47 90 70 64 24 55 71 8 65 88 40 59 51 36 30 84 34 39 42 21 65 2 47 82 19 77 55 62 11 47 64 78 
59 58 15 43 16 62 19 14 33 49 83 56 8 18 62 65 45 53 55 16 22 21 22 47 18 0 34 4 51 42 37 53 92 90 74 2 73 46 74 86 43 42 56 85 43 57 7 92 70 65 48 32 87 58 2 20 18 21 36 10 92 68 10 24 52 17 47 11 91 18 34 36 91 81 19 94 16 22 47 76 29 96 35 99 69 99 88 73 96 64 65 64 91 2 34 52 55 7 53 4 10 87 73 12 1 41 89 7 62 27 62 52 65 56 35 1 64 99 42 25 62 88 52 65 0 27 25 90 83 3 57 61 9 9 53 79 21 28 58 83 41 64 45 95 46 62 77 1 16 44 49 60 72 51 74 71 88 47 52 22 
30 45 35 31 16 88 52 38 16 28 57 35 39 23 40 41 81 4 54 1 57 71 83 92 7 59 85 38 59 29 87 96 9 93 70 53 84 23 12 12 0 8 11 21 4 59 26 25 42 74 7 62 63 41 40 17 12 27 18 52 8 6 81 23 65 3 19 83 94 53 43 78 42 64 18 53 14 69 79 78 2 77 3 24 74 41 34 85 87 88 26 75 33 75 46 51 40 67 89 49 41 65 5 59 57 26 9 56 36 70 21 3 23 47 4 93 12 69 53 92 93 41 66 46 3 10 38 86 2 72 17 10 30 57 84 27 5 84 20 96 80 86 74 7 65 73 47 64 70 57 42 23 68 9 58 48 72 59 79 27 
44 47 52 80 12 84 60 72 24 65 58 40 4 77 66 4 79 93 5 83 58 41 34 28 63 14 67 18 89 62 17 55 2 14 80 59 29 19 27 44 3 90 98 13 87 68 0 46 34 16 44 90 40 52 94 49 86 6 54 18 34 96 74 87 18 53 76 87 8 26 27 40 56 31 6 30 11 56 64 25 38 47 27 6 20 41 99 2 13 79 13 52 76 1 47 53 47 14 55 4 55 99 27 51 22 56 43 65 43 95 40 69 13 1 75 11 49 58 71 12 71 0 68 88 80 1 92 97 79 3 91 69 63 6 92 29 94 91 49 96 44 17 24 18 48 34 73 95 15 86 17 7 14 21 59 7 71 57 37 51 
19 46 95 94 98 81 84 3 29 41 60 67 51 8 99 67 92 20 25 42 82 68 57 90 85 43 75 84 57 76 67 42 86 60 53 31 41 21 17 26 50 88 62 93 77 67 30 14 8 77 83 44 17 80 37 35 78 56 4 40 19 89 65 90 2 27 1 99 81 52 31 60 5 81 52 1 21 11 71 71 59 46 70 34 89 88 4 95 86 80 36 9 50 88 9 9 75 36 38 63 29 36 31 66 46 6 55 6 45 94 82 5 46 24 60 34 84 17 76 21 22 58 32 79 47 95 8 19 91 28 45 28 43 81 11 34 34 96 34 66 74 56 64 87 56 97 48 92 43 92 88 92 28 91 32 51 63 63 31 74 
65 61 67 0 19 16 77 89 64 78 19 68 26 10 28 75 84 38 26 9 72 56 16 7 18 41 26 59 90 37 92 42 23 17 68 45 95 8 40 50 54 59 41 47 11 72 43 6 54 17 53 81 35 84 15 91 53 34 29 18 79 45 35 7 25 47 3 20 58 43 25 12 47 22 21 37 55 24 88 18 47 29 47 74 9 55 98 37 74 48 73 25 1 97 79 2 14 11 33 94 98 28 91 84 27 2 40 31 5 86 50 51 48 53 33 97 74 13 97 41 83 8 85 53 61 59 88 18 49 69 61 88 70 3 69 31 60 55 25 64 83 0 60 63 28 8 17 18 24 21 40 26 84 39 14 44 91 52 6 56 
22 65 35 5 26 95 72 5 3 11 55 36 22 95 5 72 66 86 6 87 56 94 94 12 46 23 67 56 75 88 22 66 89 74 16 78 82 35 16 7 74 41 44 66 56 68 76 5 75 36 72 60 19 98 17 4 52 0 82 45 49 69 67 93 56 53 71 76 71 27 76 32 62 13 59 34 13 32 38 89 44 24 8 76 83 22 71 57 60 16 44 66 36 97 7 71 1 76 67 40 64 29 37 70 78 88 66 94 71 96 90 30 78 79 28 88 47 56 23 38 76 12 98 33 24 62 17 53 61 38 59 8 24 92 27 81 24 38 4 33 64 8 18 15 11 97 23 22 67 44 30 21 7 47 1 27 94 19 64 37 
9 46 45 44 80 43 57 33 4 0 80 74 36 53 3 7 11 0 54 30 29 49 78 74 26 65 19 64 6 57 71 59 6 96 27 53 98 63 76 76 47 39 20 33 64 70 79 5 63 52 88 7 92 39 12 96 28 73 94 57 88 18 12 73 72 47 20 13 67 13 72 95 16 92 22 13 23 78 7 44 45 56 5 7 79 69 24 27 67 37 73 86 65 60 57 70 30 0 88 1 5 60 51 26 55 68 8 23 59 79 78 38 34 84 43 94 0 84 62 45 47 68 57 72 81 63 64 70 25 40 91 71 5 12 53 81 40 4 32 77 7 37 22 3 88 91 65 42 60 69 23 66 43 13 51 34 36 14 31 90 
12 1 59 1 26 96 93 86 62 90 26 82 85 68 55 72 91 67 90 75 36 12 4 86 92 98 86 8 57 14 70 49 79 95 96 94 12 5 14 0 6 23 4 23 69 1 16 44 55 55 66 77 2 92 44 86 72 8 84 1 56 94 36 69 67 79 14 65 8 47 65 63 25 59 17 77 75 7 57 16 51 7 8 12 43 72 28 48 90 71 39 62 40 38 95 25 25 73 92 74 47 69 89 61 42 17 14 78 85 8 38 23 51 60 52 90 10 98 55 38 5 18 3 65 96 88 17 92 56 51 91 98 79 80 31 20 52 58 77 46 59 38 98 34 9 54 74 99 6 14 50 7 10 90 95 53 59 51 18 61 
59 6 31 41 81 71 14 77 76 97 72 5 80 28 62 80 13 1 30 14 4 61 92 71 60 8 57 21 95 2 23 27 40 4 1 94 11 81 95 11 60 97 65 69 59 60 50 2 90 79 82 29 5 61 77 60 0 88 22 82 28 76 21 14 30 58 12 52 51 10 66 42 1 73 54 60 14 41 99 2 64 28 32 0 15 13 77 8 10 23 99 38 82 22 84 78 87 42 80 39 87 15 91 34 44 24 63 60 41 38 67 37 35 14 66 94 69 66 18 39 91 87 13 99 2 52 62 61 28 91 22 82 82 5 7 34 27 35 16 51 16 41 85 42 96 37 43 77 84 21 82 92 29 24 44 58 12 38 42 98 
44 38 80 33 95 86 88 35 58 21 90 49 60 74 64 7 67 30 36 98 73 19 41 44 8 85 90 81 16 10 87 92 5 33 32 79 39 53 38 4 88 50 87 49 48 77 87 65 16 85 37 53 16 49 19 92 72 43 92 7 25 61 56 13 12 27 62 73 79 71 98 47 2 72 93 37 40 87 63 9 0 66 97 13 0 40 58 99 15 4 2 69 99 51 25 32 78 87 67 0 25 2 39 38 85 11 10 24 83 11 90 52 4 10 93 28 78 66 92 89 23 11 95 63 32 60 46 98 53 74 11 25 67 90 93 71 4 50 20 12 52 75 28 56 67 66 65 60 93 76 68 17 24 2 13 71 40 96 66 71 
0 39 46 21 87 3 78 14 87 69 48 98 1 10 44 98 84 47 45 68 48 36 37 16 67 48 46 60 3 75 1 49 49 34 2 73 57 90 23 96 88 95 11 36 98 70 92 81 61 88 43 50 86 15 29 83 88 42 78 88 58 17 18 72 42 99 93 11 72 95 52 5 50 13 38 34 62 31 35 48 70 27 71 9 6 30 93 65 53 88 58 14 92 47 26 38 98 73 9 38 92 8 67 95 74 93 91 72 93 76 24 50 62 24 35 14 13 93 79 8 71 9 0 63 99 15 3 74 57 76 34 43 25 33 30 67 32 64 92 45 7 7 21 98 95 72 8 83 24 66 21 20 6 17 37 33 32 12 79 24 
23 84 28 9 74 56 12 99 35 29 54 20 79 19 51 43 74 57 80 4 63 18 7 51 76 33 73 27 65 17 80 1 24 25 40 28 26 35 60 62 55 5 80 33 95 77 2 91 1 98 36 7 73 81 60 90 27 24 97 84 93 49 81 91 14 91 89 61 54 60 76 32 98 61 4 89 75 86 2 65 28 82 45 75 8 1 24 83 62 46 7 0 36 45 99 26 7 48 42 43 28 26 85 91 5 91 4 31 30 67 39 69 65 65 26 58 13 40 94 39 69 65 47 68 8 61 23 47 4 37 46 64 40 33 93 55 7 30 14 19 62 86 49 86 8 78 62 31 78 34 54 24 76 41 57 22 46 86 44 95 
9 57 9 42 80 25 92 19 26 1 35 98 83 28 36 57 80 24 96 25 23 6 1 68 18 45 7 7 86 50 3 51 2 17 96 2 91 24 32 34 39 22 87 63 68 31 34 57 1 44 61 67 62 84 90 71 10 34 59 43 56 62 47 64 34 86 40 13 94 66 38 88 76 95 5 49 7 50 29 21 29 39 20 21 74 66 79 63 58 0 93 65 60 64 0 7 19 51 85 12 55 37 40 40 77 86 85 2 72 17 39 15 72 74 37 10 40 5 13 21 97 13 55 3 36 5 31 95 9 83 26 80 57 11 59 19 19 23 21 67 27 57 93 59 99 38 99 45 92 51 80 52 63 1 4 71 20 97 62 73 
2 56 90 56 99 61 96 61 24 59 24 66 58 40 32 10 72 12 46 29 41 31 30 25 76 55 95 0 16 77 21 91 97 9 6 25 69 77 60 89 25 95 91 67 59 26 36 31 58 94 12 35 45 50 86 9 90 59 69 78 21 6 35 76 68 57 95 24 89 78 86 80 88 81 87 6 66 85 45 88 7 56 14 17 2 70 97 45 16 8 83 59 98 25 95 40 66 48 53 37 19 54 42 37 45 61 94 17 98 0 5 56 81 79 86 91 16 48 12 84 57 48 63 98 46 24 23 59 6 59 99 52 21 32 82 20 13 99 85 49 9 13 77 17 80 80 17 20 17 50 57 26 22 99 62 16 8 81 33 23 
87 88 70 65 49 88 49 24 81 24 42 92 80 32 51 7 70 5 84 2 4 59 22 35 44 54 33 11 64 51 63 2 29 96 9 92 75 65 93 24 76 42 98 52 49 69 76 71 43 82 54 31 29 68 26 19 73 97 77 69 54 24 15 1 56 46 3 94 75 15 49 77 9 67 44 96 66 0 52 95 74 3 60 31 21 4 58 73 88 89 60 45 24 40 29 1 27 78 19 40 81 0 9 51 63 47 86 97 80 51 70 40 21 66 13 90 47 79 64 23 28 33 19 71 64 66 99 31 56 61 99 45 37 32 33 23 2 95 59 12 96 83 50 74 45 71 38 78 11 85 52 72 1 21 2 26 40 73 39 72 
42 60 0 79 19 88 45 20 67 98 67 38 28 21 10 0 63 83 99 65 88 39 63 46 93 7 66 56 20 4 62 97 91 81 1 16 68 73 83 43 84 22 10 70 55 56 5 20 19 69 90 83 16 67 77 47 97 40 92 75 58 3 80 40 81 12 23 78 25 1 60 88 47 45 5 10 3 27 84 14 25 93 1 22 45 94 7 40 20 98 22 37 92 75 97 76 45 10 61 26 54 53 6 16 39 3 66 68 19 16 62 18 82 16 9 89 88 31 1 33 34 27 63 78 87 49 81 43 57 49 14 62 71 62 51 96 71 37 28 56 25 4 43 63 63 65 61 43 99 72 80 39 46 77 18 77 56 11 85 90 
28 8 88 86 22 83 25 97 53 79 60 79 37 47 1 47 85 21 38 57 90 94 68 21 51 78 40 48 76 86 57 41 22 96 37 3 0 19 6 21 42 29 56 79 5 60 94 39 37 10 25 82 20 47 84 29 34 10 14 2 2 19 87 8 8 76 29 98 60 59 32 41 99 95 41 92 30 66 28 95 39 62 43 49 40 67 88 8 20 98 30 9 65 78 82 28 69 6 7 60 86 97 1 37 56 78 24 45 75 98 93 89 9 55 14 77 83 77 36 52 10 91 18 68 50 48 15 29 35 0 41 18 82 79 31 87 33 48 5 46 67 58 94 60 46 69 89 11 59 25 35 32 28 94 28 76 74 59 55 33 
73 31 39 6 53 76 37 57 68 44 55 22 60 85 12 96 37 38 64 82 98 61 85 34 88 79 37 61 55 4 23 10 65 68 0 48 3 8 40 25 5 24 36 77 61 48 13 10 97 45 50 16 20 20 88 70 0 33 46 57 74 16 33 37 81 92 58 1 22 20 87 61 72 44 69 55 57 18 48 72 15 83 49 0 42 8 86 74 14 1 70 43 49 55 30 69 42 94 25 36 19 67 68 73 52 47 32 95 59 60 46 0 36 40 14 76 77 8 14 62 86 71 80 19 61 88 81 19 59 57 23 17 27 29 23 34 75 98 16 38 66 73 55 81 65 98 19 55 68 43 30 61 28 21 16 31 84 11 43 38 
48 3 25 41 99 26 21 44 73 1 30 64 81 20 90 54 46 77 48 57 43 58 97 2 42 3 11 46 69 47 45 33 12 70 91 21 12 58 45 72 63 16 44 35 14 42 45 50 59 38 96 85 65 53 53 15 7 39 42 92 7 29 47 57 98 53 11 82 77 40 33 4 0 95 31 44 11 42 21 14 69 14 58 64 25 23 96 38 7 35 34 12 71 9 70 15 64 37 62 60 88 99 81 72 1 20 24 50 82 84 79 53 25 64 73 75 66 39 15 13 5 56 87 61 50 78 30 64 7 38 69 45 88 90 14 72 88 40 69 84 30 62 76 99 2 15 71 33 27 61 69 84 18 46 44 75 86 59 37 12 
97 12 94 69 3 6 84 0 4 33 48 39 1 29 66 83 73 44 87 76 85 70 88 26 7 23 21 67 43 57 92 95 68 45 33 30 7 12 44 98 90 62 75 58 62 52 57 99 86 60 22 16 18 55 53 21 8 13 55 99 67 76 75 21 16 4 85 64 96 42 5 37 26 53 42 61 59 73 40 90 70 27 76 14 13 5 13 65 19 80 74 0 85 88 86 65 47 74 83 50 31 55 26 25 2 46 66 30 38 20 18 55 19 9 25 60 73 11 70 24 50 96 3 0 33 89 39 60 74 25 44 32 74 88 47 9 70 66 83 69 30 32 8 17 53 22 23 35 69 4 16 17 50 70 57 80 95 2 82 60 
52 10 4 85 73 48 51 45 93 7 65 87 57 49 39 67 44 67 86 8 58 35 67 56 77 94 64 99 9 22 99 48 27 77 27 33 39 65 45 46 92 4 94 18 49 67 22 74 77 12 61 28 70 31 75 20 25 69 84 78 30 42 85 92 82 70 98 46 39 84 74 37 16 70 41 96 10 34 92 3 49 21 69 85 39 75 91 33 19 36 49 78 33 47 86 6 83 45 12 76 96 33 65 52 21 24 5 96 55 66 75 8 18 27 18 87 3 72 41 67 89 5 51 17 34 70 14 74 60 76 54 53 89 63 82 78 92 88 87 4 62 85 27 89 59 51 75 5 67 0 7 51 8 38 12 89 10 35 92 36 
10 77 17 54 77 89 7 2 98 60 39 1 58 8 34 13 81 38 95 19 3 66 64 59 59 17 7 9 3 68 88 53 57 90 28 65 27 26 46 5 79 22 46 0 86 24 6 99 27 40 18 70 28 3 90 92 82 21 42 47 6 34 65 8 28 10 7 36 76 40 15 3 92 17 58 72 1 16 96 8 67 80 67 15 41 13 76 36 17 35 26 73 12 6 26 17 6 17 8 16 7 62 35 65 76 52 14 88 21 66 80 21 27 93 22 19 3 81 9 14 40 81 78 87 92 5 51 79 15 5 80 29 3 36 33 80 30 0 16 6 3 92 18 15 23 71 82 24 95 46 47 61 43 6 66 89 39 55 65 33 
19 99 78 32 38 45 29 18 80 40 99 96 90 38 97 34 60 43 22 88 68 54 98 80 56 48 15 97 24 44 64 56 67 97 42 16 95 28 13 77 30 8 66 79 40 29 73 31 88 9 13 86 16 11 81 26 59 0 11 44 44 59 3 89 57 73 39 67 48 3 4 87 98 10 81 79 96 23 70 49 98 51 57 21 41 12 18 98 23 96 70 37 30 63 61 5 75 14 90 0 56 28 64 49 67 48 59 53 55 62 90 82 69 12 43 79 78 62 49 48 22 10 35 72 47 36 23 6 53 14 60 85 36 67 53 15 95 40 33 16 7 92 93 98 5 3 43 57 54 72 64 35 85 80 77 65 86 1 72 38 
51 84 17 24 78 83 22 7 28 97 85 81 28 76 94 26 89 29 43 93 66 26 82 8 17 42 94 6 98 20 84 57 74 44 7 55 3 76 4 52 61 12 24 23 65 94 7 15 75 69 55 4 54 74 9 75 75 70 73 12 28 70 84 52 79 28 12 36 47 87 79 20 63 12 10 35 7 7 20 36 52 28 64 48 84 88 18 88 99 97 2 99 94 62 46 2 73 48 40 43 59 48 90 81 26 29 0 98 86 21 75 58 89 72 90 68 54 7 35 70 97 29 32 15 8 67 98 76 3 56 50 7 70 99 23 48 53 17 14 90 74 32 36 1 30 9 76 79 28 19 41 87 77 53 10 41 26 0 87 60 
97 14 46 93 11 65 5 74 43 52 5 88 93 19 88 74 47 73 88 57 93 4 52 0 15 64 70 68 93 9 86 54 53 83 19 41 51 12 99 39 57 73 83 15 81 97 18 98 26 13 76 34 38 59 58 19 13 68 67 52 78 67 42 29 79 43 36 78 0 70 84 82 40 85 80 38 86 76 83 14 95 89 82 45 72 93 30 84 99 68 90 67 64 41 63 64 8 35 90 8 71 23 38 90 8 83 11 59 0 27 58 6 27 31 29 26 18 47 11 21 71 80 41 73 96 61 52 24 2 86 62 23 19 17 3 52 59 79 86 4 0 67 57 30 12 93 83 30 58 13 12 63 30 71 92 31 2 89 50 65 
65 27 84 41 26 58 85 49 61 54 70 21 99 79 79 98 23 36 69 12 36 78 41 39 63 17 89 64 58 11 1 59 69 85 10 80 46 42 23 80 48 29 27 22 7 21 56 11 46 76 93 68 72 81 97 97 70 26 7 28 30 28 79 52 75 50 7 26 88 11 12 66 74 82 14 35 47 9 76 46 42 78 94 76 15 90 3 93 56 73 70 38 49 13 27 98 83 33 68 98 35 85 23 65 78 96 9 60 2 56 80 75 84 1 28 77 68 66 89 9 71 84 50 95 0 28 91 59 18 99 2 97 66 8 83 8 84 96 93 90 44 81 25 92 87 22 49 93 60 13 18 34 6 82 58 31 2 48 34 58 
23 61 2 78 38 38 79 32 21 26 90 57 75 60 66 56 56 6 16 39 83 51 59 68 74 85 99 52 30 93 23 32 98 75 6 70 3 82 59 42 77 96 38 17 66 57 8 74 90 71 28 33 68 0 77 24 59 61 49 63 15 53 56 59 49 48 23 65 55 22 0 18 0 17 87 59 7 93 64 97 94 6 46 64 99 58 39 1 14 24 10 70 78 42 64 25 40 24 43 49 69 21 39 5 33 20 80 36 94 59 28 13 9 30 23 1 49 87 12 24 99 57 36 16 2 46 52 48 72 30 64 58 1 82 32 62 27 52 70 48 44 16 53 5 84 34 54 7 88 67 82 74 38 56 23 63 50 32 40 66 
36 92 61 68 8 7 69 64 66 22 75 86 78 13 90 53 2 34 66 76 69 40 37 98 95 49 58 30 45 78 14 91 25 29 45 4 17 9 24 3 96 57 56 11 88 62 92 22 28 89 42 18 98 44 59 9 93 37 53 8 84 20 3 13 96 49 17 53 4 26 75 95 24 71 61 32 14 33 56 79 13 98 94 33 15 97 77 68 10 29 47 74 0 75 32 13 35 0 19 95 12 62 37 11 84 44 40 77 45 17 67 27 4 40 50 48 81 1 92 59 13 31 38 57 5 98 21 57 11 16 58 79 37 8 28 48 43 33 82 10 44 68 37 9 50 55 64 12 49 51 6 8 59 53 65 0 89 76 53 19 
17 14 42 17 51 93 90 42 22 56 18 62 1 19 94 62 84 4 45 54 69 35 5 5 98 7 0 67 6 2 82 78 58 76 23 27 73 69 44 88 88 29 44 45 30 52 47 21 33 40 58 64 64 40 34 46 97 22 48 5 13 60 7 78 85 1 49 1 43 31 87 41 28 36 1 43 5 97 69 94 97 49 89 82 79 34 34 84 91 50 59 65 19 55 37 22 5 21 29 72 20 13 29 15 52 69 24 66 86 41 95 32 31 72 89 24 55 86 24 72 85 82 75 5 11 72 95 40 53 20 98 39 92 29 10 39 95 89 82 13 26 11 52 22 74 21 18 16 51 62 63 63 46 57 75 25 21 91 32 98 
17 21 33 24 55 85 50 88 21 45 2 38 82 99 4 84 63 12 90 99 8 87 90 49 41 67 15 2 96 52 76 85 60 27 32 1 3 19 52 96 7 57 47 61 56 89 45 99 78 82 71 78 91 54 74 8 37 41 25 11 13 6 6 22 94 87 30 98 1 10 3 97 10 9 38 71 17 33 66 68 38 12 25 15 15 77 66 37 19 15 54 75 27 36 48 13 40 38 15 37 7 80 63 84 99 16 98 58 91 89 5 69 88 34 36 38 81 80 39 20 12 0 89 77 96 97 97 36 47 28 43 41 6 35 16 27 23 63 82 64 81 72 29 33 8 12 98 8 15 6 13 30 91 45 7 68 60 36 70 26 
54 47 93 76 20 18 28 40 5 51 54 8 0 11 50 85 94 92 94 82 6 60 23 0 52 6 12 60 11 28 6 53 31 22 45 71 32 65 35 22 59 50 59 42 15 61 39 88 3 31 65 65 92 82 57 60 41 70 84 4 73 34 22 59 55 25 99 62 79 65 84 80 5 3 60 39 27 11 41 70 64 13 40 35 64 6 78 21 89 39 49 12 46 61 67 97 57 49 34 93 5 50 64 65 18 46 80 67 83 19 97 4 57 28 21 48 73 77 1 63 68 82 23 64 89 24 81 44 61 39 72 52 38 25 62 59 99 79 92 16 36 2 40 45 79 31 64 29 82 78 48 12 84 15 39 59 53 30 68 50 
37 32 40 35 74 4 43 46 51 93 5 94 62 3 56 51 73 57 10 77 25 60 67 19 85 80 78 47 12 50 76 99 76 97 88 63 9 35 52 92 35 20 99 41 16 84 67 54 25 51 15 71 99 90 24 18 9 43 78 73 97 22 82 37 93 46 82 70 91 53 8 38 76 8 73 99 37 55 83 31 84 95 21 5 86 99 21 63 91 48 22 95 82 69 66 54 45 96 43 93 71 1 60 31 59 39 30 6 83 77 90 71 79 35 16 14 36 85 56 90 31 23 81 72 31 75 82 52 47 48 51 38 44 9 52 62 54 27 21 10 44 65 49 89 38 5 20 19 76 34 83 54 17 35 88 76 42 52 5 95 
82 93 51 42 24 56 64 66 69 27 22 90 55 42 31 44 73 8 26 77 40 28 99 59 95 14 48 74 82 18 42 51 58 23 82 84 79 84 60 33 72 13 57 19 57 25 73 11 75 68 15 15 45 88 16 29 36 25 87 18 79 70 26 23 24 28 53 62 63 56 58 69 26 81 51 64 18 90 12 96 50 63 88 13 49 86 66 41 61 81 17 58 71 32 93 23 2 10 87 84 48 29 85 41 12 51 87 10 34 16 18 6 91 19 92 14 60 91 24 40 24 77 86 15 97 70 77 69 25 39 75 85 65 83 36 50 8 82 29 93 65 43 95 85 80 21 63 50 44 65 83 36 38 65 49 38 59 87 89 55 
52 46 70 62 92 44 92 88 31 39 85 57 8 46 10 42 61 78 26 10 65 0 99 91 45 75 44 55 39 86 11 81 69 9 7 68 7 58 23 27 1 23 94 31 36 21 43 49 57 85 67 94 64 26 87 59 77 59 77 72 3 84 84 84 80 48 51 22 96 5 31 94 93 4 37 57 23 75 28 66 95 33 64 44 68 2 30 78 66 37 98 15 65 39 98 23 89 97 93 33 1 46 43 15 30 52 48 82 12 11 59 5 86 27 13 19 36 64 51 56 55 17 78 13 66 30 26 89 34 37 72 43 71 28 10 67 32 7 38 52 18 13 31 44 47 27 14 52 11 62 61 79 50 6 38 55 99 13 80 42 
1 92 67 83 90 74 66 93 43 70 99 70 53 45 7 43 47 93 10 70 29 93 31 13 78 79 34 69 7 24 70 74 96 32 53 87 36 86 80 25 91 44 66 72 66 79 0 66 94 93 80 46 6 52 31 74 5 49 18 18 68 7 65 63 58 43 99 57 33 63 47 11 81 84 24 45 48 9 41 24 82 53 74 7 18 38 59 51 10 97 69 76 98 60 89 15 31 13 76 37 65 50 11 46 78 26 53 5 35 14 54 13 11 51 57 35 70 79 23 88 6 80 83 45 90 17 66 52 33 51 33 36 64 1 86 69 17 58 59 72 92 45 87 59 72 85 83 13 88 77 72 91 84 51 55 26 16 5 11 97 
57 0 9 60 51 78 80 35 12 17 93 84 97 3 1 4 81 66 86 14 99 73 9 17 81 87 49 56 42 9 18 1 7 91 64 59 95 53 12 11 33 26 70 1 33 25 2 72 30 41 49 58 45 13 94 46 15 78 8 72 28 92 32 78 82 58 37 58 49 34 32 9 12 15 78 53 46 61 25 11 1 50 78 15 83 0 77 88 66 95 35 33 56 83 47 76 10 34 21 66 11 23 77 24 83 39 79 46 40 65 94 16 23 85 58 8 44 13 89 91 34 45 17 78 69 45 7 18 56 75 36 9 55 77 57 14 80 4 16 36 9 32 47 94 18 34 11 36 35 39 67 95 91 89 2 79 42 31 5 34 
63 83 25 19 79 75 18 22 6 86 15 50 67 7 51 8 82 4 6 83 47 27 45 13 75 37 27 78 50 57 74 39 28 65 32 91 12 36 58 96 4 73 55 89 35 30 6 93 47 90 91 6 38 39 31 12 87 1 67 38 90 29 22 41 2 86 35 7 19 51 17 81 71 84 5 13 25 32 22 84 30 96 0 45 27 14 40 6 19 35 53 3 84 31 23 68 56 33 43 27 45 75 2 78 85 28 25 11 82 11 47 61 49 94 27 14 20 4 15 56 66 37 47 96 58 5 43 19 76 51 52 88 33 0 41 50 41 97 99 0 13 51 96 48 57 77 16 38 11 30 57 27 1 44 64 48 7 15 48 16 
44 71 55 79 98 16 74 56 1 80 58 43 84 92 88 78 88 68 7 32 10 79 69 85 55 72 59 37 85 32 37 84 61 56 82 40 40 87 19 0 76 10 37 88 97 19 26 13 11 58 52 50 93 75 67 52 88 61 88 85 44 92 38 13 50 48 9 11 97 24 35 14 57 47 82 96 42 74 88 50 88 31 12 97 66 93 3 82 86 0 73 43 73 44 41 99 98 57 44 4 33 7 28 0 49 83 58 88 75 64 92 95 61 63 86 0 67 99 38 2 7 28 3 29 38 94 81 8 47 0 58 82 80 23 32 29 49 52 79 97 63 5 59 13 69 92 2 69 40 30 25 3 49 77 51 58 47 30 13 73 
79 87 23 65 15 13 40 50 32 0 51 56 29 52 36 29 79 12 10 55 59 34 76 37 64 19 84 48 36 79 60 57 75 42 28 75 3 51 54 65 85 83 99 20 92 28 53 86 57 76 7 60 16 31 57 0 29 46 52 89 57 98 82 27 29 72 57 29 84 70 5 66 7 86 86 1 81 76 14 50 28 83 3 70 53 78 41 86 1 54 7 99 50 42 24 37 48 91 13 92 76 25 15 38 37 64 83 10 79 99 89 50 42 78 38 58 73 36 1 4 95 80 8 93 43 82 75 17 22 24 52 73 40 71 39 66 0 85 63 73 36 8 83 52 80 92 10 45 4 46 26 34 27 92 41 59 65 21 76 13 
66 45 0 0 14 0 3 62 15 12 53 14 81 14 23 75 27 35 30 47 12 77 31 53 6 28 14 18 89 87 60 4 97 36 48 33 43 5 18 47 48 58 50 12 53 18 72 11 48 37 73 89 2 91 29 95 86 12 60 65 71 96 55 42 77 75 33 44 37 36 46 29 27 68 94 94 72 49 94 67 39 79 89 60 75 88 79 52 56 94 84 78 60 13 11 81 63 51 60 44 4 44 29 24 70 12 24 14 24 40 45 19 61 43 6 63 1 70 31 27 5 11 15 91 58 55 93 36 33 65 91 97 11 66 29 64 6 26 62 10 8 45 97 37 38 24 98 95 63 28 86 51 99 98 95 16 99 53 78 44 
38 60 43 94 90 65 47 27 42 69 9 44 59 33 51 48 31 80 77 43 94 41 71 64 65 57 65 53 23 87 43 42 19 86 74 71 76 79 77 2 93 48 2 97 27 48 13 42 24 22 44 73 64 1 80 70 10 49 55 14 96 55 98 55 22 52 49 20 89 73 41 85 88 8 70 96 95 95 21 15 29 32 17 42 55 83 72 24 42 32 60 92 27 77 90 78 14 23 87 86 22 86 25 11 96 76 69 28 32 37 57 75 81 3 62 17 44 9 30 41 52 97 10 97 96 25 98 25 56 50 58 75 89 38 99 21 9 64 30 53 39 47 84 73 59 28 55 30 80 41 54 45 6 89 14 61 90 73 2 45 
9 36 63 68 66 69 88 44 74 58 2 98 93 53 45 48 48 5 72 99 18 84 98 58 35 80 54 47 39 22 13 24 5 79 5 14 27 8 27 83 35 61 75 74 25 81 48 74 41 60 46 78 43 43 93 41 22 74 12 44 21 90 96 48 48 86 97 38 37 3 40 20 49 29 13 70 91 63 94 82 61 63 23 10 86 5 21 77 34 91 70 95 23 28 10 40 96 42 22 19 75 88 35 82 89 34 88 89 39 6 36 28 47 75 57 91 71 4 70 16 91 2 32 26 20 75 8 99 13 31 66 8 43 65 7 69 58 81 3 75 74 22 28 15 23 21 97 14 11 57 38 81 70 96 11 98 3 25 42 87 
5 18 21 75 17 20 13 21 50 39 81 66 80 6 48 45 80 75 57 20 38 40 79 40 71 35 59 18 44 0 22 24 14 70 58 0 30 91 21 17 28 35 52 2 96 86 78 6 94 77 99 33 37 97 48 92 2 11 9 3 35 3 24 83 93 16 68 23 40 97 65 66 71 23 80 21 49 71 2 4 23 59 99 68 72 49 93 44 23 29 39 75 35 69 36 42 56 23 47 5 66 27 26 42 81 89 99 41 19 60 34 65 79 92 86 85 32 6 37 75 44 36 58 17 24 29 42 50 86 20 38 49 40 34 70 31 20 5 22 28 47 77 82 3 34 32 91 48 20 12 42 47 12 3 17 88 14 87 40 46 
22 63 6 82 25 9 89 47 29 73 51 1 32 71 72 62 55 60 23 13 68 76 90 15 34 76 76 60 19 56 77 73 61 41 35 3 27 86 0 36 53 46 39 12 88 86 37 56 28 82 49 26 85 96 97 69 97 88 57 46 23 99 33 6 5 81 78 18 4 35 53 91 79 47 28 71 42 90 36 13 6 89 75 87 3 87 62 21 57 45 1 82 47 27 80 75 59 30 59 77 36 67 23 23 20 15 74 34 38 53 27 57 35 69 22 52 55 1 45 42 49 80 30 91 84 52 26 32 36 18 54 70 42 4 20 17 4 9 27 2 44 87 60 97 54 27 43 7 16 6 53 22 37 57 34 23 37 78 62 3 
0 10 54 6 44 59 83 11 31 71 72 70 20 32 73 54 69 90 53 67 21 12 81 64 19 76 55 10 32 63 10 41 49 80 18 61 12 78 36 12 8 94 71 50 32 19 90 79 72 56 78 59 57 34 70 55 84 44 39 61 84 2 73 28 29 62 1 27 40 52 24 99 52 22 91 10 86 97 91 31 45 95 95 23 65 3 55 99 40 43 95 9 61 56 63 34 31 75 8 97 64 86 40 42 96 45 35 1 34 93 47 87 80 8 17 50 9 79 17 33 49 69 27 54 38 85 22 22 91 44 73 39 40 99 32 96 85 69 59 51 35 10 59 25 55 91 92 33 16 66 84 70 80 19 72 93 76 64 67 97 
74 46 29 52 74 6 37 80 50 39 81 37 85 55 70 35 16 24 76 55 95 74 19 31 45 2 47 86 10 86 0 63 4 8 25 91 66 79 19 17 67 43 37 19 12 24 26 71 89 82 38 51 14 7 62 32 7 59 57 31 72 85 63 19 77 21 17 25 22 83 66 0 75 58 74 96 58 50 76 41 81 64 4 52 37 63 78 25 47 67 62 56 3 86 85 34 6 23 30 10 51 51 79 23 82 68 18 56 48 30 97 58 4 46 34 11 89 37 65 6 59 90 94 50 72 3 56 74 11 57 90 75 19 71 34 92 55 17 1 7 43 5 41 19 23 28 59 28 75 71 22 88 60 68 14 50 69 26 44 84 
80 47 52 52 5 79 17 38 79 69 98 96 34 87 34 91 59 84 39 42 75 82 76 95 90 29 7 4 44 64 30 65 57 14 56 85 48 45 16 14 74 74 41 97 9 27 15 22 95 88 35 54 87 71 2 3 10 32 27 16 19 69 13 5 14 51 62 44 67 46 38 81 0 31 65 47 78 53 31 72 2 84 11 89 53 23 24 80 38 97 32 10 32 31 36 82 13 58 34 18 47 7 2 78 20 61 57 11 10 4 69 73 19 62 67 54 37 80 68 32 75 15 77 88 67 22 2 31 21 27 51 76 62 17 82 18 50 68 51 33 25 1 56 70 37 54 34 15 50 19 66 39 79 2 40 96 52 49 96 62 
12 2 40 34 9 74 69 34 92 66 3 80 68 88 85 40 56 51 97 92 19 4 18 6 94 66 4 28 66 26 80 50 48 71 39 52 82 59 37 71 15 14 79 66 9 43 9 28 62 84 48 24 81 1 32 96 92 65 43 6 6 56 90 95 81 50 78 28 81 14 87 43 93 46 46 59 64 2 20 20 8 96 2 98 55 89 62 90 66 54 22 42 9 70 37 87 68 74 17 58 83 80 90 30 81 33 43 58 42 67 6 94 91 20 44 32 80 35 59 36 69 98 69 24 87 53 90 46 57 67 16 8 96 48 45 31 96 3 2 65 1 24 9 23 80 54 83 79 4 48 22 89 55 31 50 61 42 6 31 61 
7 33 98 58 25 0 76 12 20 52 33 67 9 2 79 69 5 10 19 66 98 36 41 8 4 6 52 89 82 85 84 5 25 57 16 52 52 21 29 75 26 9 21 88 0 92 39 24 64 44 61 46 19 53 57 42 91 48 65 87 59 97 45 9 57 80 67 36 51 81 43 91 23 42 81 50 39 1 98 61 34 69 89 31 89 93 90 21 20 75 38 87 40 43 71 18 33 5 71 35 84 19 30 7 32 74 71 74 58 14 23 40 5 16 14 81 16 24 43 52 51 20 48 91 89 83 69 6 72 79 4 92 40 65 12 36 72 3 1 86 17 16 13 49 39 27 3 56 9 45 17 72 73 0 73 5 40 92 53 90 
73 27 79 54 44 9 49 30 26 90 81 62 42 77 34 53 11 19 2 64 9 34 13 34 9 19 36 90 43 17 82 23 83 6 88 4 12 4 83 0 69 66 11 97 14 21 96 0 64 73 55 51 97 86 98 99 11 18 48 14 54 14 43 51 24 42 63 45 12 40 30 36 40 60 92 60 94 42 46 68 20 40 62 95 9 72 82 43 1 25 80 84 45 52 81 47 53 75 59 81 2 44 40 8 31 14 88 33 78 17 95 29 11 25 77 83 27 75 13 91 60 73 16 60 69 62 27 35 93 74 7 92 91 55 75 48 65 54 63 81 70 93 21 67 41 26 30 38 4 74 97 16 88 74 83 47 86 9 55 12 
67 5 89 29 48 15 86 99 49 80 25 45 56 28 97 94 79 58 80 16 47 48 16 80 51 55 16 73 47 33 70 45 23 14 17 11 78 73 22 83 13 88 21 36 34 89 98 9 16 68 10 56 63 13 40 2 48 17 50 76 9 73 5 16 92 42 23 55 5 50 95 85 72 20 96 46 32 35 82 10 18 5 6 55 14 45 31 13 4 47 76 0 72 7 42 4 82 44 7 78 20 70 69 28 67 21 24 52 42 93 52 30 53 29 40 42 15 21 61 2 13 25 90 60 1 51 28 84 77 2 26 69 44 95 47 49 89 23 84 41 30 28 53 31 59 61 56 34 99 8 87 51 69 64 18 5 54 91 29 54 
64 67 68 83 94 17 77 93 36 6 70 69 63 30 70 81 34 43 13 88 39 7 16 40 61 54 50 19 62 75 35 36 62 91 27 27 37 0 12 13 65 7 52 22 48 20 56 1 46 84 87 98 18 28 19 69 36 31 96 88 79 36 92 31 66 37 81 71 52 94 62 98 76 43 96 70 0 10 60 92 82 12 7 40 34 2 29 87 43 94 74 7 28 74 41 83 67 17 27 7 34 87 30 92 7 94 25 64 71 19 70 93 72 3 78 41 41 21 61 87 97 43 12 39 70 26 41 87 96 11 19 63 43 32 47 52 22 57 94 45 91 14 82 80 31 1 78 34 42 45 80 57 63 23 97 58 95 13 56 17 
24 11 41 73 59 76 58 60 56 5 33 25 72 40 59 12 76 58 11 36 88 95 90 8 65 88 7 71 85 24 94 65 40 20 16 56 48 54 29 49 27 77 3 12 48 81 35 85 64 35 3 94 38 8 12 79 83 22 53 99 65 45 0 16 61 77 75 49 73 55 91 96 32 18 95 42 11 39 52 95 55 48 22 59 99 46 80 99 39 34 32 77 99 22 26 78 8 81 92 69 79 92 84 98 99 12 51 39 27 20 40 16 57 90 95 10 70 86 84 33 44 60 56 66 87 94 4 47 53 98 63 52 83 70 69 34 29 20 48 60 94 9 68 52 72 9 84 46 85 53 84 95 20 6 97 63 30 86 60 96 
63 56 70 23 4 70 49 96 38 75 46 29 99 78 96 89 78 9 90 22 87 14 54 1 99 59 6 12 19 6 59 61 24 11 92 44 81 79 33 25 9 95 0 78 24 54 32 22 28 76 81 19 87 66 32 84 17 77 99 43 81 18 30 30 64 26 3 78 78 71 21 54 57 67 79 48 50 68 32 72 58 65 25 59 55 2 52 69 90 20 75 70 96 47 22 90 57 40 16 8 69 3 43 52 53 72 71 14 91 31 18 54 59 24 59 29 69 49 34 61 96 81 92 38 40 88 47 73 0 27 57 5 50 5 91 60 20 25 98 30 26 22 97 90 44 28 90 80 51 37 69 14 41 77 45 23 48 9 22 98 
48 88 30 95 15 95 13 82 4 12 57 42 1 96 6 30 52 84 89 53 33 72 18 93 26 38 22 82 70 52 0 78 62 43 33 78 7 54 63 70 39 5 5 95 70 54 67 4 73 12 62 23 93 90 54 74 25 9 13 98 90 67 45 67 12 93 98 38 14 54 42 70 94 70 60 43 35 80 14 45 58 59 41 21 89 64 19 20 25 36 43 11 96 90 94 84 40 32 59 6 61 0 59 25 16 28 39 92 94 49 52 13 29 69 89 48 52 77 32 89 80 91 72 24 98 57 37 44 40 43 36 72 48 15 22 84 3 27 77 78 75 51 27 29 85 81 39 56 45 80 8 88 12 27 78 25 26 19 40 98 
80 86 11 80 6 11 36 65 72 67 42 90 41 61 21 74 12 32 35 9 22 39 83 33 69 92 64 6 44 62 15 20 29 71 56 55 46 90 97 39 46 12 41 55 30 96 27 32 6 36 1 35 50 54 56 25 41 9 4 59 19 5 41 82 70 28 89 39 88 17 47 38 10 62 89 19 49 87 92 2 14 32 60 83 15 12 46 44 5 68 26 25 10 72 2 89 28 86 83 96 70 58 26 60 17 79 5 58 87 93 13 19 38 17 48 85 2 84 31 27 7 55 30 66 83 8 62 14 50 40 95 75 61 63 7 68 25 15 13 54 96 49 76 8 4 6 2 64 9 79 69 24 14 13 92 55 45 72 16 1 
62 88 43 55 93 93 74 26 80 82 74 88 94 44 66 52 73 27 71 82 35 12 99 3 84 98 32 87 67 83 55 18 34 92 21 63 38 6 2 13 48 49 23 51 17 58 42 58 46 44 63 62 33 85 98 27 87 86 79 67 78 98 79 13 67 47 56 13 30 51 62 48 65 50 14 65 17 9 24 10 7 49 16 30 18 74 49 48 32 54 52 9 4 89 72 75 86 38 92 44 28 14 7 64 0 29 66 33 44 82 58 15 3 19 99 74 89 59 27 99 8 94 40 68 96 69 79 88 2 11 56 7 70 78 38 37 46 67 43 10 4 62 64 48 43 35 55 0 44 81 55 83 38 8 44 43 96 17 5 49 
66 19 29 29 42 20 97 30 94 31 25 21 95 84 84 80 39 1 22 22 54 10 26 54 38 29 61 60 45 10 39 60 84 42 65 52 67 90 12 75 29 92 15 80 13 46 64 68 74 56 93 58 70 41 10 74 93 40 28 8 47 30 29 46 34 3 18 18 74 8 33 67 12 42 51 33 82 58 59 60 8 32 59 52 80 56 79 59 31 91 38 1 95 90 82 36 6 38 27 56 5 65 9 54 44 63 63 38 74 87 15 31 14 65 31 37 47 80 28 40 64 66 48 91 15 76 0 18 42 18 14 13 18 69 19 98 90 34 20 0 70 57 39 74 42 65 63 80 24 87 4 86 43 79 20 88 43 70 24 23 
26 24 48 21 75 24 69 15 8 14 80 29 18 98 71 55 21 73 37 2 47 61 95 32 18 56 7 45 52 39 31 5 67 4 73 65 77 32 65 87 46 38 49 38 45 34 54 86 96 27 86 91 55 97 68 6 24 68 56 28 9 17 59 84 21 30 59 88 68 78 52 35 40 81 31 37 61 10 86 83 79 10 5 31 39 65 9 48 71 13 34 48 93 77 33 66 98 4 69 31 85 74 92 27 45 11 16 45 29 5 0 48 57 60 75 64 21 92 51 4 65 85 4 15 20 82 79 70 97 4 36 5 99 34 37 89 64 99 2 21 89 66 33 48 57 95 75 27 73 50 66 39 90 21 93 49 60 80 60 50 
3 0 38 2 12 23 37 62 68 59 49 1 29 12 43 89 40 68 35 78 42 77 52 31 78 69 88 38 54 50 62 91 83 73 77 60 18 83 90 18 63 5 54 95 4 76 44 50 8 13 37 98 76 32 46 80 30 75 94 81 57 17 57 50 4 35 30 67 34 14 88 59 46 23 7 11 6 59 30 2 74 19 60 29 60 53 90 32 54 67 26 31 11 56 0 21 54 56 5 39 68 6 58 38 55 69 93 3 97 98 0 77 40 6 61 76 97 11 59 65 32 67 84 15 32 3 45 31 53 88 63 37 54 94 10 52 21 33 98 69 69 28 9 36 55 91 91 10 35 41 36 87 58 50 87 82 91 59 57 96 
5 71 64 69 83 36 58 55 41 38 55 48 94 53 93 17 27 15 87 21 80 30 29 14 67 49 17 96 21 20 92 48 88 29 33 18 54 24 95 1 16 25 9 33 30 85 16 43 37 77 74 52 85 9 51 48 96 42 80 0 94 37 97 83 64 78 73 47 59 51 47 9 40 81 47 2 3 11 89 58 50 84 59 64 69 66 40 91 39 32 82 51 30 75 71 47 23 82 48 23 13 48 10 16 46 99 85 58 88 71 55 46 63 49 83 49 69 81 7 26 8 61 52 3 19 74 91 10 27 59 7 95 12 69 87 73 17 23 22 65 94 0 7 69 50 36 94 39 11 37 86 98 13 73 66 15 6 16 69 2 
27 54 46 1 77 41 82 88 51 37 93 59 9 58 20 6 85 13 57 34 46 98 61 56 17 44 64 93 27 44 19 77 4 1 33 13 10 25 51 27 33 10 81 22 38 28 65 29 98 67 39 48 41 31 79 76 79 24 41 80 67 89 16 85 13 74 17 32 8 79 39 86 59 26 81 71 10 83 49 66 43 7 61 89 78 37 53 45 47 99 89 32 66 80 91 5 74 51 46 84 36 51 29 72 64 56 20 93 30 63 64 92 0 63 24 6 72 24 84 49 80 64 8 60 70 17 85 49 75 46 34 2 53 96 71 60 34 48 26 30 25 30 49 93 3 16 42 89 37 87 97 38 61 7 12 66 11 1 99 59 
4 94 96 96 42 87 48 61 25 27 73 80 42 23 62 41 55 16 56 32 71 28 36 92 96 50 46 74 15 5 51 39 79 21 95 54 79 81 65 46 13 48 72 54 30 21 42 45 70 76 53 37 67 5 59 34 61 0 78 68 13 91 50 23 49 22 1 0 65 36 79 27 34 18 15 90 76 62 84 82 81 19 16 80 8 55 7 16 87 7 11 83 21 0 6 47 90 39 26 0 91 46 66 73 72 60 1 1 11 16 88 91 15 10 71 62 13 77 57 97 52 75 42 58 43 74 31 34 4 57 42 32 8 48 22 21 29 39 49 11 13 87 57 46 78 57 68 48 97 92 29 80 36 44 90 65 72 38 18 45 
95 1 19 90 57 93 58 23 59 63 68 87 75 88 11 9 79 24 3 46 32 26 99 30 79 91 14 28 1 47 73 72 50 73 21 80 41 78 26 75 13 93 52 62 25 10 21 27 7 10 36 63 66 41 71 62 99 33 62 62 14 31 83 19 60 60 49 34 59 79 22 30 85 40 52 70 85 93 33 96 83 22 4 38 33 97 6 36 22 56 97 84 20 47 66 13 42 26 38 66 81 88 2 3 95 57 47 41 60 61 6 45 14 41 72 38 81 42 73 36 17 81 16 22 61 72 8 89 19 7 81 0 88 37 53 53 34 18 88 84 92 51 38 39 98 7 15 90 31 42 54 88 5 84 27 3 19 47 36 42 
39 4 70 84 29 6 66 34 11 78 65 9 5 18 73 44 79 59 5 37 63 12 79 57 3 2 71 15 67 77 29 98 5 67 18 37 5 64 42 48 40 60 20 14 0 43 87 70 42 58 5 1 58 43 26 10 86 81 27 20 95 44 87 33 13 14 13 75 9 32 70 69 21 67 20 37 83 56 70 14 40 17 9 69 92 9 50 48 97 87 4 72 44 87 18 12 42 45 46 26 93 25 40 23 63 6 70 48 66 70 51 37 23 62 69 44 79 95 96 92 24 32 56 84 14 0 36 57 84 6 49 60 24 70 52 94 69 95 78 73 62 84 43 89 78 84 87 68 22 75 69 61 21 32 33 31 25 56 64 80 
76 98 12 32 7 48 77 16 79 95 75 71 66 89 28 7 2 49 42 54 57 97 99 4 40 90 98 13 93 71 40 18 58 10 92 4 3 43 78 89 6 60 18 82 5 63 57 17 33 21 12 15 4 47 30 31 53 34 53 32 62 71 52 28 76 51 74 21 92 77 80 85 3 78 35 89 58 38 2 60 53 75 35 76 91 75 63 28 6 74 91 2 94 37 81 33 88 55 20 32 38 4 75 77 20 91 13 6 22 52 85 21 72 36 19 96 37 53 60 80 47 64 82 4 71 27 16 25 98 0 81 30 85 47 87 12 24 61 50 75 7 98 94 40 7 59 55 13 25 79 47 14 99 38 98 49 57 88 80 95 
8 90 42 79 20 43 66 14 27 28 16 4 56 28 79 94 51 22 70 18 49 84 84 40 67 20 95 18 24 80 12 19 1 47 93 55 51 94 35 37 14 67 27 13 20 67 24 57 98 6 63 31 49 57 54 89 27 65 21 24 37 72 65 42 5 80 86 32 23 12 40 79 62 72 3 32 17 64 53 47 30 10 28 22 2 32 31 86 98 10 38 21 34 1 78 98 81 87 4 49 39 58 87 76 54 57 5 44 19 47 75 15 47 14 62 75 29 32 95 96 23 59 25 12 73 30 84 18 91 95 33 79 83 27 87 70 54 4 54 91 7 31 67 10 10 31 95 50 27 20 69 92 51 47 76 52 71 62 89 7 
79 8 50 25 76 50 21 24 1 36 29 5 4 33 50 67 19 39 42 88 91 87 46 42 63 18 41 49 42 79 76 47 60 73 49 28 78 11 97 55 52 0 12 48 40 71 65 45 42 70 2 9 26 18 91 83 49 10 53 98 34 56 54 99 92 13 80 34 18 15 5 22 62 49 7 91 16 1 78 79 52 23 32 64 6 11 46 98 37 41 94 32 60 65 24 10 75 25 1 56 36 81 46 26 20 20 34 47 67 44 21 21 43 15 22 3 90 52 45 3 71 86 47 18 28 55 94 21 82 66 65 47 84 60 57 78 1 43 43 51 47 88 87 97 12 60 78 67 48 17 1 81 92 25 13 90 8 73 15 65 
15 3 2 18 44 97 54 57 97 79 89 35 62 75 86 56 41 12 93 10 67 36 95 17 29 32 2 75 26 67 92 89 44 78 97 72 52 13 92 26 25 77 43 9 30 49 29 72 5 10 9 92 8 10 73 45 27 37 38 76 26 72 65 21 18 94 29 43 99 87 50 30 16 84 31 61 81 51 30 6 20 71 88 10 12 39 64 62 57 98 22 68 65 55 8 57 20 1 90 43 9 67 61 95 84 51 62 14 0 50 93 76 28 66 86 13 87 54 45 12 43 34 10 22 76 66 28 28 61 9 42 13 85 37 50 33 50 0 29 83 7 97 41 55 17 27 4 96 74 21 4 29 23 23 60 68 27 5 61 19 
70 89 33 26 61 79 29 33 31 50 2 88 53 85 12 79 41 39 40 9 16 18 81 28 32 74 62 43 9 2 21 74 40 36 50 77 34 55 21 59 42 65 71 66 64 87 38 88 96 6 98 86 67 25 42 22 32 5 69 69 13 43 6 5 38 38 67 65 94 91 37 21 58 43 62 74 79 71 85 93 15 83 70 26 92 46 80 5 56 51 35 29 7 43 29 11 57 76 81 51 36 0 72 50 89 92 39 89 11 62 17 4 52 4 34 18 19 18 90 42 43 42 26 38 48 85 89 92 43 49 63 34 87 33 75 49 19 49 67 91 70 24 60 41 8 54 17 61 55 7 97 26 58 6 77 1 59 54 47 21 
79 6 41 68 19 76 43 96 74 99 83 6 68 27 33 38 17 5 33 85 89 44 12 95 78 50 11 43 37 58 74 99 27 1 68 4 28 22 81 12 90 57 15 6 64 78 68 93 72 59 72 25 13 64 15 54 5 7 63 66 51 76 9 20 46 89 77 1 19 8 61 11 58 39 77 93 66 22 92 70 15 29 88 91 70 91 71 68 43 65 13 83 62 78 95 39 55 42 24 21 77 86 86 88 19 78 53 55 5 13 11 75 80 91 30 91 86 79 39 83 9 35 89 49 80 66 85 40 29 61 18 81 18 35 51 34 5 6 85 93 64 33 39 86 93 44 75 40 36 40 96 0 97 78 45 96 63 18 87 68 
79 38 20 88 50 38 27 98 81 7 19 32 34 93 59 78 42 36 94 17 46 5 10 47 16 18 87 88 42 23 25 41 48 51 36 81 34 57 96 91 52 28 70 80 60 42 1 51 25 48 32 83 34 93 18 72 27 70 60 4 33 80 55 70 94 84 17 84 23 11 62 36 84 7 66 66 1 25 27 5 97 58 69 73 65 6 17 59 66 91 37 16 13 97 77 63 68 59 16 58 74 68 21 8 8 39 64 65 18 19 40 40 14 85 3 35 22 28 46 16 59 30 35 2 51 74 83 24 9 20 62 91 74 42 13 74 8 98 12 71 69 88 78 92 85 1 98 91 96 64 35 74 56 9 60 47 31 3 64 68 
80 42 88 49 53 2 33 47 85 93 49 47 33 96 45 5 20 36 1 15 4 26 87 69 57 28 33 49 76 4 59 61 0 25 37 61 77 40 34 72 76 98 24 82 96 87 96 69 82 60 95 82 21 11 21 17 8 78 88 16 96 3 26 13 66 38 8 10 21 61 71 72 41 90 35 58 62 88 99 40 86 1 36 62 35 66 0 61 72 13 43 33 54 43 94 78 11 16 37 22 87 89 18 99 19 44 40 51 4 79 8 29 13 34 96 97 30 11 63 33 61 60 57 50 94 28 76 26 77 17 93 70 81 51 85 97 48 15 68 94 62 46 56 95 17 6 60 52 72 18 4 14 41 71 39 95 29 86 65 46 
14 68 94 3 39 72 15 1 85 3 58 68 0 71 90 17 7 79 0 45 32 72 28 42 48 97 31 10 17 1 89 97 46 82 95 22 53 32 82 57 76 32 49 21 99 77 4 19 94 32 17 80 57 44 14 56 51 56 62 41 62 99 90 31 35 15 23 65 24 93 67 62 31 59 23 93 84 10 83 93 2 86 44 22 75 39 46 80 65 88 31 59 90 77 16 69 55 46 3 95 67 74 43 27 5 94 62 8 92 6 22 78 26 37 35 10 53 6 27 6 19 66 94 18 72 34 63 56 30 63 24 5 65 21 20 50 81 12 57 79 10 43 35 92 72 12 94 43 29 4 59 81 12 41 4 73 8 98 7 25 
82 27 80 50 29 84 52 45 63 89 66 87 62 4 63 45 87 16 38 89 42 43 67 8 79 46 1 69 25 78 32 71 28 35 35 18 19 75 71 52 90 12 1 56 7 65 61 40 87 53 49 44 21 47 29 94 58 80 19 32 88 58 39 48 76 79 32 50 47 88 57 57 2 55 70 51 21 42 52 47 59 1 28 55 51 23 71 5 89 39 99 56 13 95 71 4 2 73 70 97 98 22 88 42 80 32 24 59 80 52 24 67 57 41 9 57 26 94 10 24 37 68 2 35 53 76 86 30 18 76 73 76 91 74 23 73 51 7 4 28 65 80 9 77 18 89 69 89 24 42 58 97 10 35 54 79 84 99 52 21 
59 71 20 5 92 16 39 2 69 34 63 52 67 40 72 27 95 50 23 29 74 31 44 68 20 67 57 36 1 51 18 4 92 39 12 0 52 92 30 2 34 35 0 68 96 95 1 88 26 95 63 44 9 88 1 40 16 12 42 13 27 71 85 61 75 60 97 64 38 37 77 43 34 76 88 38 22 45 86 95 0 44 36 42 21 80 16 60 40 96 60 95 20 26 41 62 54 82 94 8 82 19 62 8 27 32 95 91 42 91 53 96 34 72 16 8 82 62 15 85 90 96 63 12 5 97 77 92 55 5 2 63 46 50 8 67 83 40 82 15 28 70 63 30 27 87 5 17 3 92 29 70 82 63 33 90 52 19 53 39 
35 61 26 53 61 22 82 34 10 4 23 94 51 95 41 81 64 39 84 37 2 82 65 83 76 71 77 12 21 64 98 76 37 24 0 21 4 84 15 43 9 12 6 32 57 65 77 36 50 20 99 48 80 28 60 26 3 40 56 94 57 17 94 92 79 46 19 5 32 96 63 87 83 40 29 78 50 4 4 65 40 99 93 47 81 68 65 16 18 56 68 91 75 73 78 44 94 77 88 36 32 37 82 68 81 85 14 69 32 32 38 99 11 62 30 38 17 78 76 24 79 10 54 65 45 41 69 6 25 84 78 34 4 56 29 37 14 10 7 51 23 33 55 36 76 63 99 7 11 60 67 76 24 14 14 81 85 52 40 33 
54 76 36 70 30 31 45 24 78 98 53 23 42 61 95 56 53 47 82 46 19 2 24 11 72 41 42 72 78 15 27 19 11 81 34 61 3 81 93 33 53 81 15 3 33 33 27 34 29 91 95 41 9 93 40 69 7 66 14 21 24 56 14 52 96 37 86 24 9 90 17 5 76 90 94 26 11 76 59 0 90 0 34 75 86 93 66 63 44 72 63 83 91 33 42 18 87 38 76 13 14 28 54 74 84 6 23 54 73 38 3 4 96 75 11 42 57 39 19 78 97 43 47 86 18 58 76 95 70 12 57 11 49 89 96 9 50 35 44 70 95 15 76 26 5 65 94 17 58 65 79 7 51 43 85 12 87 77 65 38 
52 20 4 93 64 83 88 59 35 98 47 14 26 45 30 54 72 89 81 61 16 23 6 20 55 59 48 58 59 87 65 61 86 22 78 17 75 98 38 16 67 99 4 83 19 22 30 14 35 29 25 53 67 44 71 72 8 9 87 65 50 50 97 69 33 18 57 1 28 20 5 34 16 71 15 66 88 38 44 49 28 78 51 54 63 87 98 39 75 61 72 27 56 68 23 20 79 59 36 93 76 85 93 48 5 20 91 64 34 21 80 27 19 72 83 79 54 18 61 55 46 22 55 47 25 26 53 65 93 75 69 23 36 40 67 96 82 90 80 30 31 40 73 70 28 86 97 64 55 83 49 15 61 16 60 97 73 50 25 91 
17 99 58 56 34 94 40 41 93 43 31 18 10 71 11 63 92 33 60 79 53 62 72 76 81 83 8 87 67 12 84 67 48 42 3 82 70 64 90 66 48 8 88 30 88 93 4 92 55 89 56 94 69 70 27 39 6 82 43 49 2 60 13 0 65 91 20 90 26 17 18 85 83 11 4 80 14 51 87 6 55 60 59 37 14 82 59 38 93 73 58 30 65 0 34 83 39 32 74 24 17 11 16 48 63 78 92 98 55 4 69 52 44 84 76 62 70 12 40 90 73 82 37 5 57 69 23 59 27 9 37 99 87 23 69 41 65 85 32 51 3 2 25 3 65 1 51 54 93 46 3 88 45 72 14 60 94 14 71 8 
51 38 61 7 74 94 56 64 36 24 32 49 49 64 71 27 83 94 71 95 63 13 77 59 98 11 18 24 46 13 59 36 7 81 65 49 5 84 9 54 28 95 4 49 75 19 45 56 56 50 85 10 98 81 66 67 86 65 54 9 32 95 30 64 53 39 51 87 12 34 55 31 18 90 93 19 98 95 17 88 47 65 53 33 48 95 84 81 4 98 81 2 64 79 47 10 66 59 46 61 43 48 29 13 35 55 73 67 5 74 11 63 25 65 90 68 9 3 70 83 7 73 81 68 37 45 8 96 50 58 61 66 52 84 28 20 52 77 90 47 17 84 89 91 61 90 66 99 88 13 35 65 67 0 89 4 33 90 54 67 
9 31 32 72 74 14 27 10 40 60 35 40 35 40 3 15 4 70 52 44 40 12 66 82 63 5 55 61 22 58 14 81 37 83 95 78 13 43 54 66 58 74 37 27 29 26 19 61 42 47 10 13 71 78 4 37 49 65 39 11 67 19 42 34 49 7 23 47 14 36 56 4 3 57 48 6 69 45 86 20 85 82 73 43 6 70 5 77 15 49 97 67 36 17 60 43 27 50 92 31 65 0 12 27 88 30 53 9 42 94 0 66 29 79 74 28 94 0 65 96 83 92 3 52 86 13 24 39 92 48 57 90 46 14 80 61 4 51 9 84 52 92 79 80 37 73 36 72 40 2 64 74 1 58 28 3 67 75 47 23 
82 85 1 68 6 52 65 28 98 29 89 16 70 68 48 25 42 99 46 98 53 72 78 43 70 44 96 53 96 38 34 99 54 98 95 25 90 5 94 71 84 28 88 93 42 21 47 42 73 14 36 70 50 47 22 99 56 42 66 76 38 91 43 97 75 93 24 0 99 4 57 40 8 93 49 82 34 52 33 2 11 98 52 43 28 45 12 10 49 0 90 18 28 71 94 21 38 1 73 5 73 92 13 53 79 85 94 37 76 96 7 85 92 22 24 31 8 96 24 29 94 5 44 11 46 82 41 40 86 1 42 22 68 0 31 96 22 3 83 14 98 72 34 26 94 13 92 26 81 67 31 54 8 49 4 97 46 0 6 97 
27 89 82 64 49 55 67 22 95 24 51 84 1 42 34 34 65 58 94 65 68 66 53 1 70 56 15 67 55 96 23 30 47 31 7 92 7 12 22 23 35 87 88 78 2 30 40 58 52 36 68 86 1 95 22 46 36 66 95 54 45 62 53 99 56 25 59 85 36 14 46 62 29 36 21 82 99 24 91 46 85 52 24 86 82 33 71 30 7 46 36 5 13 43 19 40 31 81 73 39 40 52 15 93 42 50 11 48 49 65 86 27 5 65 15 2 80 25 52 71 25 17 51 16 3 58 1 19 27 31 85 25 6 87 94 2 79 62 44 90 56 57 57 88 8 11 68 25 31 49 87 54 85 93 91 64 73 11 7 36 
63 27 55 78 79 85 91 29 95 40 24 53 53 8 42 73 50 7 10 69 5 75 62 60 72 1 5 95 10 29 60 20 61 72 43 69 93 45 93 11 30 8 37 39 45 33 79 40 2 62 91 94 49 34 19 85 95 85 5 73 36 53 8 73 71 68 30 98 48 93 50 1 75 9 86 45 94 99 96 18 10 72 72 69 82 64 17 42 52 40 83 34 18 41 13 83 86 40 79 4 79 6 2 82 76 71 76 3 8 55 35 71 50 71 97 55 18 50 31 1 15 88 65 23 34 11 73 21 46 59 76 99 82 22 20 0 50 10 19 50 41 3 94 33 45 0 47 4 97 76 20 89 17 42 93 4 95 4 52 81 
49 12 57 91 68 38 25 3 43 50 85 83 34 26 0 99 0 97 56 66 68 10 63 79 40 68 17 15 13 28 99 35 68 56 78 32 3 28 69 15 85 68 9 48 95 37 44 89 11 29 42 47 83 54 68 75 99 7 95 90 20 35 74 78 93 26 33 15 50 33 69 67 52 50 39 31 24 38 40 45 39 56 57 68 6 30 55 54 48 38 2 66 23 61 68 68 16 29 41 5 14 78 19 92 49 85 99 95 57 47 66 61 59 9 43 21 73 12 56 41 87 95 53 45 67 64 39 87 0 50 12 53 31 34 86 17 70 14 42 9 48 23 15 37 36 17 36 80 3 18 54 15 54 49 41 13 73 10 94 91 
44 4 4 87 36 56 44 94 31 48 58 46 46 73 36 85 72 71 48 39 79 37 73 45 99 9 89 93 59 45 97 71 78 26 12 87 45 79 28 14 31 62 74 77 39 35 90 58 85 21 63 63 29 1 87 36 85 98 38 88 71 26 69 99 11 21 7 9 20 96 24 8 33 48 72 20 95 99 4 10 98 65 33 85 95 55 32 31 55 59 59 64 75 0 38 59 37 92 52 32 53 1 15 32 28 70 90 28 69 1 93 31 85 14 28 23 72 87 25 61 3 71 20 78 81 31 49 32 64 8 1 29 45 57 87 34 82 21 75 74 16 27 11 71 84 88 3 45 28 41 66 48 8 23 17 39 78 39 99 59 
22 25 60 66 81 17 6 98 25 54 17 95 90 6 28 7 88 70 7 44 19 58 54 0 37 65 96 58 49 85 67 17 74 24 23 90 45 0 25 35 76 0 6 48 8 41 54 87 87 14 29 88 89 90 13 68 4 70 40 77 76 79 14 37 16 63 74 44 93 67 67 42 63 75 36 65 77 90 86 27 22 55 39 36 43 66 12 55 55 8 31 13 29 61 61 5 58 3 10 22 19 31 46 33 33 89 48 54 88 62 72 91 57 91 56 13 96 45 67 98 36 17 71 73 78 69 59 75 84 21 35 52 17 28 72 9 44 10 15 82 0 30 98 79 94 20 85 41 27 79 12 1 20 68 99 89 37 35 94 78 
51 48 85 5 78 67 52 93 31 99 14 53 11 8 34 93 26 29 81 11 69 98 55 71 8 37 66 27 47 47 21 45 17 14 62 73 34 13 0 72 14 67 84 14 30 41 22 57 12 80 68 1 22 52 88 19 95 26 31 87 66 8 70 13 26 97 23 21 6 94 8 31 6 43 72 86 20 45 39 13 76 91 71 27 45 42 2 70 78 33 92 91 97 82 70 73 77 21 91 16 4 1 75 67 15 57 98 86 4 42 28 49 59 64 15 88 34 25 26 58 13 44 60 41 66 93 27 77 42 52 79 48 53 25 64 79 96 37 18 39 93 64 78 18 97 48 30 18 24 56 70 48 22 85 1 27 59 91 66 83 
20 66 27 39 28 73 23 15 85 95 67 48 22 87 37 46 47 79 10 79 1 50 86 43 77 53 26 83 28 4 82 40 1 85 51 9 57 55 74 51 42 1 21 66 58 97 47 80 57 8 81 38 17 91 74 22 10 19 25 80 52 68 58 25 65 67 47 30 52 92 26 75 15 38 78 67 87 63 63 25 37 44 48 87 10 73 29 99 80 18 12 78 36 65 71 34 53 53 86 42 88 93 27 37 49 91 71 16 78 84 65 93 17 57 2 89 84 10 57 81 98 9 21 71 55 53 93 18 38 90 26 55 92 7 7 77 92 29 88 54 16 84 46 16 12 48 57 76 57 75 75 82 22 97 46 66 23 32 55 98 
39 79 19 17 82 66 81 80 52 71 98 30 91 5 87 96 92 85 15 15 90 73 25 81 56 67 87 39 70 7 91 4 59 31 4 96 54 33 55 39 38 38 49 66 46 57 24 98 52 94 44 84 33 76 98 67 38 97 62 25 15 54 39 41 6 48 95 22 67 82 52 88 86 53 51 4 94 96 33 90 20 25 69 66 4 51 14 44 7 56 46 36 3 67 91 17 41 61 28 52 64 9 11 85 95 11 67 7 73 82 15 25 99 34 94 0 85 9 6 56 26 0 72 0 69 64 79 60 53 11 93 63 71 97 64 84 73 55 20 40 3 38 15 62 33 40 33 70 44 50 17 32 52 82 9 78 22 10 24 66 
89 71 2 34 93 42 85 31 67 5 71 31 45 91 78 80 32 44 55 12 45 45 53 98 42 99 16 23 78 40 26 53 80 94 60 24 83 88 84 10 61 27 47 18 49 95 68 83 87 26 76 59 24 3 63 47 87 7 45 70 91 28 40 49 60 61 13 54 90 96 49 95 84 26 87 70 84 99 43 56 52 45 56 0 70 77 48 79 99 7 48 77 27 23 18 40 39 68 27 94 74 23 43 3 19 97 90 64 21 53 27 36 27 95 35 43 38 46 44 28 31 38 74 69 92 11 0 10 23 84 86 93 87 78 15 79 2 58 60 92 57 67 48 93 84 15 60 62 83 53 79 21 76 75 2 54 36 73 50 70 
5 59 55 97 81 82 28 91 70 78 60 40 63 70 96 2 97 52 81 46 51 58 39 40 50 29 83 25 42 59 10 80 15 46 72 87 91 30 20 10 97 58 16 83 64 76 93 80 47 57 81 21 75 87 49 2 46 67 78 84 92 21 37 32 46 6 8 94 94 71 46 40 60 41 69 66 73 28 60 19 17 53 51 65 84 61 64 25 94 75 70 72 51 76 84 61 4 49 80 56 47 88 5 59 97 40 66 39 37 48 23 14 91 23 35 69 38 46 2 19 97 49 68 67 34 2 50 64 96 70 0 36 82 43 95 34 84 62 21 57 82 3 17 8 30 71 39 89 8 28 57 21 72 56 81 78 76 66 70 49 
66 56 79 75 65 22 69 20 56 35 58 61 72 73 40 50 41 16 43 35 81 55 91 74 64 62 65 91 43 84 45 50 29 28 65 81 83 96 73 22 78 78 16 32 94 66 6 24 43 89 53 41 56 81 98 50 44 47 8 28 67 19 0 32 58 4 30 3 34 55 72 78 3 52 37 16 49 90 56 52 92 60 75 2 83 92 3 46 36 86 76 35 3 25 63 34 89 90 55 17 46 6 80 8 55 83 96 73 91 77 26 57 42 99 99 5 93 90 35 48 1 72 79 19 83 82 50 47 52 85 48 19 14 91 57 86 49 98 95 8 6 63 32 90 28 23 46 48 30 41 96 56 89 99 96 17 95 17 29 26 
44 5 86 78 56 42 30 89 24 87 38 17 67 57 96 57 68 93 79 11 52 99 92 4 26 11 54 42 7 96 53 88 6 41 40 66 29 22 76 78 75 80 54 37 9 95 25 44 9 48 49 7 63 3 63 92 82 22 28 52 94 80 34 58 52 87 32 69 38 89 92 76 98 23 65 43 31 47 67 13 0 74 37 8 11 86 93 74 12 94 76 81 20 7 67 44 65 4 72 81 29 73 83 22 60 67 0 13 76 1 70 57 21 89 8 11 10 83 75 5 57 25 91 74 90 69 1 73 32 39 26 59 53 12 32 62 95 51 31 44 62 24 99 97 49 49 56 30 41 9 20 24 48 12 18 46 12 58 36 5 
20 63 11 18 6 84 19 72 44 62 5 53 85 23 26 56 52 36 77 75 78 56 26 55 18 42 36 3 85 83 22 38 45 24 0 80 90 52 91 60 75 36 98 69 53 25 64 71 88 53 58 77 20 14 72 87 13 21 86 27 20 84 22 74 62 6 54 63 72 17 43 12 95 7 28 91 26 18 10 30 3 41 39 68 6 59 7 46 43 43 8 10 61 67 56 69 89 6 68 28 20 4 48 13 63 54 53 73 6 37 39 70 56 14 48 47 50 74 30 36 22 14 11 92 57 23 70 22 91 2 49 74 29 64 23 61 81 83 61 42 95 72 3 50 45 9 19 81 33 95 35 94 47 10 52 73 88 49 92 2 
90 21 51 32 50 17 64 46 46 56 48 61 69 58 39 52 4 54 59 1 78 38 71 50 5 73 17 16 93 26 77 92 35 5 46 80 28 76 12 51 62 53 60 73 80 40 27 24 95 0 15 11 89 59 69 59 45 54 90 66 83 25 46 63 0 68 40 60 94 88 58 85 50 89 33 5 80 53 30 20 79 52 84 93 92 34 83 48 4 72 81 68 75 31 29 59 27 20 92 77 2 92 57 47 91 31 62 12 90 98 99 80 51 53 19 42 58 25 51 28 31 32 42 40 35 0 91 44 70 78 78 28 54 0 95 61 35 48 93 89 76 9 48 80 67 68 60 94 88 30 37 83 46 30 49 22 84 46 97 82 
7 41 46 52 96 68 33 39 3 28 94 50 6 5 43 41 57 67 70 37 3 36 7 70 33 41 75 6 2 97 20 65 12 74 47 79 1 95 22 80 49 53 54 1 45 3 74 10 10 50 35 0 87 52 45 47 62 98 78 55 43 58 5 33 36 72 16 92 2 45 12 43 88 66 4 30 54 74 57 23 10 77 81 34 22 48 4 65 93 35 72 48 34 81 24 96 29 80 53 41 37 46 84 18 45 3 92 94 15 8 23 35 8 16 43 15 4 75 90 13 63 45 38 42 32 37 17 81 56 92 22 98 36 69 56 85 55 42 88 62 24 83 52 18 90 85 68 65 2 97 1 95 44 38 27 3 78 22 89 8 
44 99 78 57 11 31 99 62 84 27 94 70 91 50 61 60 56 27 82 5 38 44 96 15 48 70 56 36 23 32 9 52 59 45 22 20 86 4 41 82 54 91 87 91 45 43 20 53 17 87 47 75 87 84 41 37 22 6 83 73 73 23 80 86 11 78 73 88 27 24 54 63 83 76 52 97 51 23 78 35 86 93 0 21 71 53 87 53 43 11 3 76 50 37 37 0 21 58 66 50 97 7 22 52 6 45 30 4 86 4 87 96 55 44 77 48 42 97 15 44 40 47 75 29 72 37 81 55 85 36 66 60 4 47 90 18 25 99 50 54 97 41 77 82 73 17 68 49 16 7 31 73 85 71 89 73 46 89 47 34 
93 88 83 36 80 10 81 24 62 16 49 84 93 59 94 86 29 2 25 7 35 90 10 30 85 90 95 86 51 8 44 57 79 32 30 90 42 45 39 24 65 39 13 59 65 74 81 92 58 62 9 11 82 89 28 63 15 23 82 39 71 19 14 45 82 91 30 67 29 46 79 35 52 17 82 24 21 19 33 8 37 81 84 18 77 3 28 72 69 53 97 80 10 7 70 37 55 37 87 28 19 84 46 74 63 49 60 4 10 53 87 92 6 10 84 61 11 3 0 84 17 58 28 4 62 68 74 97 36 60 58 58 53 47 46 1 12 50 8 29 33 46 80 68 58 50 19 6 83 58 7 13 96 52 36 25 27 60 20 19 
57 70 44 52 21 79 10 38 46 17 61 44 2 74 36 55 52 72 97 45 76 1 22 97 44 96 27 65 51 25 18 97 71 98 92 87 69 98 68 85 38 89 69 68 67 85 59 67 56 71 79 91 55 81 33 99 25 15 73 90 1 53 79 11 93 4 40 7 30 18 71 25 31 93 13 3 76 97 62 34 40 32 81 55 76 19 58 80 0 57 98 69 68 66 0 70 69 82 96 72 42 79 15 88 91 52 88 96 2 69 28 97 40 25 99 58 2 40 16 89 55 46 3 46 75 94 13 36 77 13 62 59 42 11 55 97 65 83 50 16 16 13 12 64 65 10 58 54 41 83 31 68 49 24 76 17 43 49 47 52 
72 7 43 13 24 75 42 44 11 17 74 52 45 29 72 42 63 58 51 2 67 56 36 55 77 91 49 57 56 63 84 6 82 94 93 66 88 41 6 72 25 31 53 71 98 53 49 42 32 82 75 52 42 83 3 12 20 1 5 19 65 41 8 84 51 64 68 14 43 41 31 82 26 68 95 14 84 92 12 5 23 6 52 94 3 11 55 2 52 53 24 45 69 84 59 46 10 27 3 27 82 52 15 38 37 51 80 32 51 29 13 28 66 88 63 60 1 34 90 1 30 14 33 48 5 79 70 64 77 97 31 62 47 80 4 6 8 3 34 66 38 31 30 70 73 12 71 7 87 25 94 64 73 94 60 45 73 20 98 90 
9 44 85 75 69 9 16 40 33 16 12 94 68 6 20 59 16 79 21 51 19 20 15 9 95 36 52 27 32 73 8 16 9 0 35 97 26 14 26 38 85 88 11 56 69 39 15 34 96 26 57 88 70 68 35 90 32 99 86 18 84 21 76 23 24 79 95 66 12 32 26 53 21 98 38 4 59 55 93 31 95 68 89 67 34 71 5 66 11 70 28 9 3 1 12 78 59 58 3 7 11 14 28 16 37 25 63 16 60 6 10 87 73 71 37 11 13 23 0 51 38 0 90 25 78 68 58 55 7 57 70 84 69 15 64 19 76 1 56 63 0 54 79 70 97 50 6 35 73 2 37 18 72 44 12 38 85 57 9 97 
55 60 47 62 64 27 76 97 42 62 32 40 65 50 28 80 94 4 42 45 46 50 60 19 76 22 54 97 85 97 8 21 25 70 55 18 59 35 18 20 61 30 37 42 55 75 16 8 13 58 87 13 72 96 9 31 46 62 23 88 24 35 6 56 53 48 64 91 0 91 94 21 78 18 76 90 6 23 64 13 38 97 93 67 46 9 22 0 39 9 57 55 19 53 48 96 3 34 75 22 42 98 22 87 82 40 18 70 47 40 14 50 86 93 78 68 6 32 76 47 32 51 18 3 71 1 47 88 27 32 93 51 21 84 28 95 60 21 44 30 82 17 4 92 86 31 19 21 77 73 30 27 78 74 74 13 91 18 63 6 
26 21 82 52 64 22 10 52 47 64 13 59 18 30 34 95 93 29 93 68 2 0 47 76 69 42 64 24 27 64 91 7 52 57 55 78 72 47 93 74 5 30 84 45 53 88 41 65 83 41 71 93 94 94 5 51 57 11 45 56 96 65 9 62 23 74 83 68 3 50 34 91 30 12 33 41 45 48 78 37 58 1 33 53 98 63 20 14 17 11 41 73 38 23 97 50 49 25 67 90 14 10 33 51 1 94 17 83 18 33 78 17 31 53 72 89 86 52 15 1 60 85 80 86 73 16 73 94 31 26 43 44 23 30 14 34 2 7 91 25 58 6 20 65 47 77 36 38 90 18 65 8 73 97 26 63 25 1 12 33 
46 35 96 2 52 32 57 89 63 72 56 7 72 89 4 40 66 11 92 82 55 86 94 75 78 4 73 5 25 3 9 17 14 57 4 45 64 72 37 73 38 17 62 42 36 63 20 79 92 62 36 27 48 30 59 69 93 44 47 56 45 58 40 29 90 68 11 95 57 12 39 92 48 26 61 12 33 51 94 71 86 55 58 2 80 72 26 78 96 2 35 47 38 53 16 17 13 20 56 75 44 77 88 43 67 33 39 31 88 18 53 43 4 22 57 85 67 50 29 44 85 13 58 21 73 95 76 34 8 52 4 60 9 15 16 28 41 37 97 89 19 47 45 65 62 50 11 91 8 58 48 33 43 89 9 7 21 89 74 25 
68 10 48 44 62 86 60 58 59 99 44 42 37 19 12 99 9 54 61 14 68 30 62 11 89 71 58 33 41 32 23 38 86 5 49 45 69 23 4 93 22 10 24 43 73 37 57 38 50 76 22 97 27 82 77 51 82 91 36 94 0 2 62 37 38 1 29 59 13 44 0 62 1 8 94 17 40 31 86 82 51 28 51 37 70 32 41 22 48 61 80 68 6 78 72 78 28 0 19 94 33 86 94 38 69 60 98 8 53 20 25 14 65 13 11 94 13 2 25 14 90 69 38 36 84 18 46 38 89 50 0 49 3 15 51 72 31 88 15 24 83 41 99 88 89 38 57 65 91 46 95 30 82 95 2 23 5 39 51 23 
