87 19 20 10 61 10 98 61 73 16 26 35 96 49 18 93 67 91 92 36 11 4 47 93 50 61 1 21 19 41 82 53 63 12 52 86 28 81 68 24 17 91 75 24 94 73 65 77 71 20 75 37 98 26 82 15 65 89 76 68 10 48 95 84 5 1 58 5 17 44 2 62 83 53 37 99 10 21 48 44 
71 17 44 50 37 31 97 25 77 49 84 6 57 38 56 58 33 64 59 73 96 87 94 36 21 74 78 10 23 1 63 80 25 88 56 74 59 92 98 10 83 28 91 18 33 30 93 4 47 34 72 93 13 49 91 6 88 96 38 62 68 40 66 12 48 46 54 13 97 8 6 37 52 76 73 23 13 5 86 10 
93 98 59 81 65 50 52 53 16 86 53 94 90 27 64 23 89 21 14 79 57 79 78 69 84 79 84 78 1 95 19 6 6 31 19 81 53 13 7 98 82 72 75 59 80 98 7 37 82 45 94 95 15 84 66 27 97 67 0 49 97 50 57 1 2 90 79 4 16 89 16 89 69 6 5 51 66 95 73 61 
49 70 49 99 27 16 31 64 93 15 86 24 12 37 7 15 74 11 48 59 90 33 23 20 19 35 40 5 13 28 13 85 94 32 6 91 41 20 56 9 90 44 62 2 26 80 58 48 68 98 98 81 58 14 94 82 84 60 89 51 65 97 68 13 33 74 31 10 74 79 52 3 7 43 25 96 18 90 43 78 
26 69 8 45 13 83 59 84 67 80 56 81 58 37 53 29 59 54 33 53 97 15 72 27 92 83 87 87 80 95 71 34 8 62 57 39 91 68 64 40 24 89 69 3 93 16 11 42 27 75 45 39 95 76 64 73 9 85 86 19 7 65 98 48 75 87 8 46 46 73 1 67 96 94 56 40 15 71 77 11 
59 72 12 29 14 1 69 55 46 27 26 3 55 2 37 91 80 93 51 27 48 56 85 61 81 21 25 49 30 92 85 95 79 99 79 25 48 43 79 92 94 37 83 57 0 92 3 13 30 16 92 48 9 34 35 86 51 85 73 89 65 17 67 88 19 24 86 85 66 80 19 87 79 64 71 47 98 76 62 86 
93 23 5 76 34 22 14 81 11 28 94 59 33 58 28 71 52 50 91 23 46 19 81 65 38 48 10 47 1 81 98 25 5 91 0 63 82 6 55 41 99 1 43 33 58 39 83 2 15 3 29 57 61 10 67 79 27 8 94 16 61 36 52 43 39 9 2 15 2 68 62 86 90 90 98 37 56 14 94 70 
61 2 32 31 5 69 97 85 0 73 53 75 9 8 32 72 37 86 36 13 88 52 5 89 24 22 61 93 80 2 15 65 98 61 68 11 20 77 35 32 21 2 36 41 43 48 4 55 23 59 12 88 22 73 18 77 75 10 32 30 14 68 17 62 23 38 37 55 18 24 73 97 3 22 20 85 83 17 65 2 
93 42 97 91 51 0 55 61 33 90 48 14 35 59 67 41 77 23 81 9 24 94 39 46 17 1 52 95 23 66 98 75 35 28 25 6 56 7 0 69 49 64 98 77 45 45 43 97 54 14 72 61 21 65 64 76 39 12 51 0 61 53 49 5 59 13 88 51 89 72 44 45 51 71 36 90 35 12 29 91 
99 18 15 12 13 40 90 49 53 31 70 57 15 75 84 70 60 45 98 54 16 73 99 45 29 69 94 90 41 44 72 47 44 43 99 63 38 91 31 19 43 61 89 41 18 76 16 66 34 70 31 63 40 19 13 35 31 90 75 88 73 59 25 58 41 50 58 13 82 32 27 17 19 85 49 79 50 45 51 41 
20 53 66 3 12 75 45 76 20 24 65 22 99 53 80 95 36 19 75 29 5 67 32 68 18 29 68 58 85 55 30 48 93 61 90 0 50 7 70 8 47 48 52 46 48 53 8 13 42 72 30 37 81 70 65 81 30 57 16 30 2 4 63 94 94 4 36 44 93 11 3 62 2 65 56 72 52 46 89 30 
65 51 14 37 31 82 32 7 64 68 61 53 10 28 55 25 7 8 90 43 85 35 42 13 35 37 14 34 12 22 88 42 48 86 37 71 75 29 40 28 91 3 41 62 62 51 10 66 58 27 74 97 77 26 24 17 96 79 75 11 35 82 57 49 8 36 18 33 83 87 56 85 2 30 57 83 47 1 41 87 
43 23 71 97 65 77 26 32 34 63 98 68 51 96 72 56 61 10 64 1 62 53 5 26 41 0 61 73 68 92 39 26 37 99 57 92 43 5 52 50 87 71 36 64 72 51 48 29 93 37 91 39 35 14 3 26 75 7 97 11 88 97 57 53 32 32 69 70 99 28 73 46 38 5 11 40 48 25 40 77 
6 93 37 22 74 32 51 86 53 16 35 25 1 24 11 88 36 33 8 51 62 54 99 96 17 15 74 38 94 4 3 64 49 78 87 50 64 3 7 13 94 63 43 16 96 48 10 84 46 90 96 40 88 99 39 1 43 21 47 32 61 77 99 82 49 74 78 42 39 80 72 90 81 9 74 69 50 64 9 44 
38 53 14 75 55 48 91 23 7 56 29 68 27 78 41 71 48 57 22 18 84 38 68 72 75 63 4 94 46 66 39 63 27 83 95 48 49 68 79 79 69 21 62 5 74 22 31 64 6 71 21 62 82 91 78 94 76 46 89 8 34 89 87 96 43 16 25 22 37 21 15 48 14 0 28 77 62 58 71 58 
12 9 88 42 26 0 25 53 78 34 70 13 32 83 80 26 29 96 44 26 28 96 76 44 19 71 68 92 15 19 11 72 33 86 4 58 85 76 63 74 64 45 91 48 29 4 3 94 94 26 10 96 45 27 31 83 21 17 97 23 3 49 56 34 75 31 17 50 94 22 6 30 3 95 18 51 69 69 54 91 
57 85 90 35 87 84 82 23 11 49 4 48 61 66 72 13 50 75 41 50 98 67 90 77 49 50 21 81 23 4 80 68 23 10 28 21 4 57 51 89 9 48 33 65 75 83 32 55 44 14 58 32 0 6 61 56 25 91 44 96 87 63 79 41 69 71 57 54 61 75 3 22 45 29 80 31 14 56 88 37 
56 5 90 20 87 14 70 37 29 63 73 13 70 89 35 29 89 80 73 34 70 11 63 89 25 26 49 49 76 0 64 54 68 40 4 32 66 50 67 89 46 69 18 47 79 70 51 23 29 21 10 97 19 49 96 45 87 38 59 76 26 99 40 27 76 83 66 47 73 51 88 9 17 94 19 18 57 99 95 13 
7 90 18 43 83 34 31 96 21 62 59 29 59 0 15 40 66 97 20 57 26 78 98 26 87 89 4 78 91 17 12 55 43 31 20 64 12 77 34 60 18 39 10 20 55 38 64 81 40 75 20 35 56 10 20 83 20 29 42 83 41 21 31 36 92 12 10 19 26 13 89 35 23 59 55 74 81 74 91 17 
2 44 30 64 52 3 76 40 54 14 12 95 16 77 78 48 31 60 84 58 72 31 83 39 40 3 87 14 10 24 83 23 79 92 75 70 53 30 15 14 30 79 26 86 49 99 45 68 51 45 59 19 78 96 94 85 61 61 30 59 56 23 51 44 23 31 5 41 76 26 16 19 95 92 3 27 31 57 13 16 
98 96 28 1 22 15 50 78 87 3 64 3 48 74 93 37 49 17 0 85 84 59 58 59 88 45 75 79 78 32 12 36 54 90 77 58 24 63 21 88 16 6 40 10 39 19 53 39 77 35 90 68 5 56 68 55 0 55 37 32 25 43 77 12 36 47 21 36 43 32 50 2 98 58 0 79 99 73 80 7 
96 66 70 11 25 71 40 88 14 23 28 89 10 39 90 62 99 43 46 27 69 95 54 78 20 85 70 25 85 62 56 1 16 50 87 76 34 81 54 83 94 17 83 55 2 3 30 32 32 96 15 48 17 47 59 54 68 9 4 32 3 16 88 13 99 12 23 33 96 76 7 65 20 93 98 97 80 10 60 28 
97 39 50 36 6 22 66 76 29 2 15 19 63 84 30 55 18 65 75 15 59 7 82 53 52 50 19 28 94 73 99 30 98 29 47 91 36 93 34 60 78 37 5 46 97 64 67 18 36 16 88 57 57 65 60 1 74 77 29 70 43 39 42 66 3 6 33 69 29 8 54 20 96 38 32 58 85 5 48 79 
55 34 45 93 57 67 57 59 67 84 50 99 7 58 11 79 11 8 69 41 83 46 88 28 58 45 51 5 35 44 89 62 48 99 76 61 80 75 29 21 31 39 7 80 57 9 2 65 75 97 96 0 42 62 4 50 60 64 63 3 92 22 25 8 81 86 50 84 86 21 29 75 2 88 16 24 62 83 78 80 
78 42 67 60 29 37 20 31 91 32 89 36 44 33 47 79 1 61 94 70 32 74 15 38 20 31 94 24 11 63 97 67 31 65 77 84 31 85 28 43 93 38 59 69 67 90 10 80 81 81 88 0 5 44 11 2 22 48 56 62 41 34 53 43 0 49 37 73 91 20 34 19 47 58 21 35 44 0 32 43 
1 16 62 82 6 59 24 45 45 69 91 50 55 84 75 25 34 53 78 2 10 54 63 40 35 64 61 48 41 31 89 30 24 27 96 25 49 43 31 94 37 62 12 92 56 28 66 85 63 43 45 54 4 8 26 82 91 8 15 21 60 49 21 25 94 87 58 82 72 2 42 13 70 40 96 58 2 98 5 89 
84 11 33 43 22 67 16 50 30 68 89 94 56 3 79 3 12 66 33 27 90 91 28 42 42 50 53 18 58 86 5 75 58 37 14 89 90 35 65 75 46 91 47 60 24 66 26 29 82 40 82 39 29 66 10 8 63 52 74 72 5 12 46 59 6 14 81 22 99 36 32 89 98 52 19 84 55 69 79 54 
44 68 90 78 16 45 41 6 74 55 8 36 87 2 89 48 59 68 85 11 10 4 3 90 91 83 20 97 51 1 56 33 49 93 86 85 32 97 89 53 39 10 29 96 21 91 95 16 82 99 4 30 4 3 54 46 31 31 33 71 14 2 89 78 37 46 97 87 87 36 63 35 10 48 58 50 2 32 30 77 
68 58 19 28 36 51 56 74 36 96 94 47 36 0 13 5 75 50 16 36 38 78 22 87 48 49 80 67 11 35 20 99 51 60 90 9 63 25 3 29 65 64 5 94 31 71 9 9 91 54 92 43 20 78 6 10 52 51 60 84 61 11 54 8 71 73 86 29 6 6 13 56 31 46 26 91 7 81 22 36 
73 43 48 47 99 85 75 47 4 4 1 53 95 2 78 77 22 23 10 14 29 89 34 41 19 56 94 88 97 62 11 86 95 20 19 64 44 69 69 5 89 74 5 53 5 89 43 32 33 6 77 86 87 79 27 18 15 59 41 3 65 69 85 87 65 13 78 64 71 58 69 2 66 52 0 69 21 26 75 25 
11 63 85 76 52 92 41 11 16 26 13 39 59 25 18 51 20 55 66 20 17 39 8 36 31 72 61 48 76 75 43 68 90 97 38 3 61 25 7 68 3 10 18 32 48 89 58 23 7 34 36 38 33 24 15 74 58 65 51 35 51 70 88 34 45 9 24 94 28 34 95 96 17 91 41 9 59 56 94 60 
24 36 32 44 5 23 89 79 95 67 56 80 58 26 8 47 65 35 76 32 6 52 0 78 32 74 69 10 43 6 39 66 2 83 39 4 13 55 81 10 68 16 7 95 5 10 42 23 74 11 35 59 81 85 40 5 79 91 35 66 64 59 22 91 48 13 27 29 56 24 23 1 48 2 78 93 65 74 29 70 
85 19 80 13 3 62 47 16 2 42 78 7 29 10 26 88 51 36 9 34 67 0 58 28 73 57 75 8 75 42 84 49 39 0 92 56 11 80 38 17 79 47 53 67 65 22 98 65 52 78 24 36 1 22 70 23 8 65 11 33 96 55 74 36 94 31 60 52 0 50 1 21 96 78 28 28 74 4 63 92 
78 91 76 78 46 78 83 26 43 6 56 82 84 31 38 42 66 50 4 24 6 52 63 70 43 83 78 80 27 81 94 89 75 69 69 14 38 18 92 24 90 62 91 11 73 50 99 35 29 10 47 32 99 36 23 33 33 16 71 26 32 51 65 11 61 19 71 25 69 21 75 55 22 62 97 37 18 80 94 57 
79 31 21 22 62 49 72 98 41 63 31 39 20 29 56 64 30 30 33 44 10 87 61 55 39 15 54 20 75 51 37 90 21 7 67 34 0 55 52 49 24 42 99 30 33 66 64 94 19 54 89 19 11 82 22 14 92 97 57 85 26 13 71 36 59 92 96 29 43 75 66 61 40 92 91 35 19 19 29 34 
43 80 81 86 11 87 70 86 45 79 17 94 37 37 53 55 30 4 7 7 50 38 42 95 5 79 34 5 82 57 35 3 71 93 32 92 16 15 79 48 99 81 91 92 14 84 48 10 39 18 16 51 0 14 17 3 70 93 51 53 47 78 35 53 16 15 62 83 59 36 73 47 4 0 15 56 55 71 56 46 
63 76 26 50 73 85 43 93 47 61 17 7 32 71 46 37 37 63 52 52 63 57 76 89 34 50 2 71 17 16 60 84 69 24 55 70 64 96 18 0 66 78 9 48 5 69 47 12 60 97 17 90 48 21 25 0 50 57 74 59 98 7 0 55 71 59 99 91 56 76 62 67 90 51 5 64 71 77 74 14 
60 58 31 9 90 39 60 30 22 32 84 65 19 28 74 90 84 66 55 71 99 63 19 48 49 72 53 94 42 66 63 9 55 61 37 4 25 45 31 87 87 30 68 55 4 71 99 50 69 98 37 27 90 3 45 57 54 56 87 30 46 22 69 28 18 34 16 23 29 23 11 49 90 8 52 38 39 89 65 4 
58 41 11 50 18 9 38 41 22 87 27 80 50 68 76 62 51 86 70 69 85 54 23 49 4 9 46 60 52 53 34 65 82 47 3 25 45 2 30 15 93 17 57 74 50 21 11 73 97 24 75 37 66 86 46 28 10 58 16 93 16 62 31 24 15 11 96 64 73 45 11 49 80 60 74 51 40 19 26 99 
27 96 82 88 69 98 3 21 15 57 10 45 27 6 33 31 77 37 90 69 83 16 60 45 7 39 17 42 43 73 27 32 72 46 83 34 11 96 15 31 90 60 26 29 35 88 94 66 13 86 7 5 2 84 26 42 97 81 48 47 1 97 32 35 50 3 78 27 34 80 88 96 53 69 35 77 2 99 52 86 
81 50 99 69 78 84 98 98 60 28 16 95 9 2 7 8 2 52 74 42 25 75 67 45 52 44 59 45 77 70 99 48 13 90 63 43 88 58 21 32 94 46 54 89 90 92 95 93 10 9 53 30 11 41 17 94 10 53 41 70 24 14 73 13 16 15 27 34 14 61 91 48 80 91 33 83 9 56 98 46 
4 5 96 42 21 39 77 32 43 21 92 59 26 23 32 71 63 15 36 6 1 83 49 24 50 43 13 18 82 56 31 41 27 53 83 84 64 46 95 0 75 48 65 25 16 66 43 47 13 55 53 96 66 9 67 10 46 36 64 99 73 70 99 44 96 43 42 21 78 60 84 32 87 69 28 60 59 36 22 98 
32 14 86 65 67 78 6 96 68 96 39 71 27 40 47 84 41 16 0 21 24 34 77 93 16 78 87 1 13 55 76 91 73 19 11 98 40 81 69 83 95 1 62 65 21 42 29 95 43 37 67 38 70 22 95 37 65 75 55 69 27 56 76 17 87 26 39 99 13 48 18 87 50 83 82 20 36 60 86 37 
71 84 10 32 49 93 34 4 7 61 73 88 59 98 17 86 75 33 39 93 95 77 72 57 87 75 8 23 54 67 14 7 74 65 34 57 65 97 81 20 56 42 70 42 94 90 39 55 51 67 78 13 35 77 34 58 24 38 74 77 29 44 77 98 26 28 95 9 18 6 89 22 23 45 66 20 98 20 53 40 
54 34 77 48 73 99 2 17 0 64 58 8 45 92 7 28 15 55 10 43 41 58 86 27 44 82 57 92 45 11 72 83 82 79 38 25 18 88 10 77 23 19 7 43 57 66 62 86 76 10 87 90 64 77 95 92 50 86 90 68 86 51 62 4 71 60 13 63 92 27 98 42 62 73 10 48 22 30 95 41 
43 17 37 61 17 89 77 52 27 8 44 80 15 51 47 15 23 28 52 25 16 7 21 63 93 92 44 92 16 70 32 70 68 88 20 38 66 49 30 34 67 44 90 93 33 19 62 1 77 18 28 46 45 17 83 94 90 65 87 90 96 53 24 27 25 45 98 18 35 7 94 88 22 48 66 78 30 5 3 95 
8 75 4 7 53 13 99 81 74 49 50 62 10 34 37 42 81 94 75 27 15 42 96 93 2 33 77 41 85 50 40 65 90 9 97 5 60 35 12 1 16 67 81 59 54 72 41 51 43 60 96 36 71 24 12 19 66 24 88 35 47 3 49 70 50 48 31 30 50 67 4 95 4 71 81 75 7 15 98 77 
10 49 44 35 34 74 35 25 26 50 47 7 69 11 65 25 75 9 88 95 23 21 60 96 88 80 15 49 57 59 7 63 48 86 43 67 38 70 55 98 28 38 30 26 19 20 11 21 58 32 46 89 75 36 77 21 0 46 79 67 33 53 6 19 4 48 96 51 33 23 12 18 57 4 62 9 14 65 37 16 
41 91 69 38 49 83 89 62 80 9 16 45 86 86 81 47 60 90 99 97 55 86 23 32 64 66 34 58 1 75 39 37 36 79 80 64 9 68 20 26 96 28 45 48 26 41 17 68 20 2 61 79 99 4 40 65 12 55 30 12 46 87 32 67 17 4 58 95 5 9 47 62 12 34 92 11 44 72 10 27 
31 56 97 81 48 27 6 17 24 70 74 83 47 80 94 19 50 54 26 53 74 99 36 78 69 88 55 75 19 97 82 81 71 57 14 83 1 51 41 5 54 98 21 26 61 62 89 65 43 47 43 76 94 27 62 78 72 66 8 54 49 87 46 37 91 91 48 43 18 11 36 77 47 88 84 35 86 30 40 57 
29 98 53 32 9 85 6 58 31 69 90 76 44 13 86 76 32 12 84 73 73 95 28 11 75 40 15 45 99 72 85 81 75 99 49 32 67 70 82 0 0 99 90 26 87 72 8 33 53 21 63 9 64 8 43 76 68 29 0 61 69 71 21 41 90 99 46 35 85 42 20 84 60 78 5 3 92 15 19 94 
11 0 21 37 51 49 8 99 51 99 16 64 15 10 63 1 19 26 53 14 98 64 99 97 72 44 57 78 11 79 51 37 97 94 48 24 63 44 46 30 85 60 15 14 34 92 46 61 40 80 18 57 50 37 82 64 91 15 16 22 33 94 79 76 85 73 22 9 81 77 68 83 66 54 49 72 68 15 76 56 
67 95 89 54 45 63 34 29 69 56 1 47 49 44 94 19 17 82 10 94 55 65 83 14 89 64 10 53 34 34 1 72 44 66 17 45 12 20 98 63 67 99 75 51 50 23 31 4 9 33 11 11 83 40 3 97 57 53 2 49 22 71 96 55 0 75 71 9 46 27 51 74 9 36 88 96 77 10 36 73 
81 54 2 41 79 25 46 91 10 71 17 85 35 78 30 87 9 21 52 38 57 98 38 85 54 57 24 73 50 4 33 53 81 38 36 21 94 60 47 76 56 7 16 47 75 30 17 36 30 90 28 40 20 35 22 85 40 5 19 36 16 46 7 51 41 53 83 40 47 14 90 59 28 12 14 4 10 46 61 55 
77 93 34 66 51 0 53 16 91 88 37 86 70 3 94 22 76 96 90 2 65 49 23 30 4 66 43 62 11 52 61 10 53 0 71 93 50 12 33 1 8 21 47 85 66 76 31 81 59 78 6 85 19 29 56 67 64 4 32 67 49 4 88 28 12 45 78 79 27 42 94 18 13 71 30 87 35 14 79 70 
62 28 6 74 44 76 20 81 48 46 64 37 78 82 22 90 93 24 60 42 54 52 8 75 97 41 20 69 65 34 11 14 25 32 33 30 73 8 32 38 44 5 40 34 99 14 63 89 49 52 34 32 14 39 51 49 49 35 50 33 90 93 69 75 66 99 33 73 12 22 29 85 12 70 41 44 29 49 6 16 
26 62 60 27 69 85 94 9 24 18 65 91 57 94 12 17 82 82 20 8 48 28 30 55 22 55 72 81 15 93 46 18 56 99 80 78 81 58 37 23 8 67 22 39 45 88 67 31 22 93 1 77 6 86 19 37 77 76 38 5 79 61 22 32 69 54 40 76 45 72 42 61 48 42 17 65 76 35 26 26 
44 72 90 30 89 95 84 27 55 85 97 4 47 14 68 9 29 76 98 29 32 21 72 63 90 35 44 20 55 79 79 79 31 85 96 32 36 3 59 91 75 35 55 87 55 12 73 61 36 98 89 94 79 84 5 30 26 98 88 28 88 69 71 14 41 38 7 12 70 7 77 76 63 18 31 9 63 96 22 31 
96 66 8 64 34 89 60 60 53 36 13 53 77 98 32 14 69 15 51 24 39 65 3 67 90 56 99 20 22 96 19 74 54 71 92 25 53 71 31 67 40 81 43 82 95 43 80 76 56 10 9 9 21 65 16 15 56 59 92 75 30 74 37 22 62 90 33 86 58 64 52 10 54 25 16 80 23 68 32 17 
56 5 75 87 87 22 52 99 94 32 81 72 31 25 57 94 1 47 4 71 15 52 99 53 12 61 28 29 96 89 51 65 65 4 9 24 60 46 41 15 49 45 27 24 80 71 25 28 79 57 0 92 15 12 39 87 4 90 6 33 38 19 6 55 74 66 82 2 9 65 59 42 64 35 88 3 50 12 13 49 
45 16 43 75 37 12 64 24 10 89 83 98 46 33 94 13 61 95 86 75 1 95 66 18 53 38 48 37 98 21 92 76 6 19 57 13 23 9 89 77 90 87 59 69 79 57 86 70 17 72 83 53 55 20 17 57 24 67 26 0 70 80 91 65 88 15 56 69 58 74 22 57 76 20 22 49 22 65 73 68 
0 33 82 59 17 9 87 35 64 34 6 88 27 14 0 29 74 94 78 98 86 99 13 21 64 55 53 94 78 42 82 59 46 12 2 11 52 48 93 25 11 86 0 67 39 76 80 77 34 58 88 60 27 62 5 20 73 78 29 58 63 12 16 96 81 77 18 20 26 99 74 27 63 97 11 45 80 19 67 47 
84 60 42 38 75 42 70 80 23 89 22 36 79 72 4 99 60 52 90 29 11 89 71 13 66 40 83 90 52 7 39 57 92 3 77 83 68 48 62 57 35 60 22 61 51 62 69 97 74 70 97 54 69 9 12 33 25 92 36 72 32 11 36 46 95 87 11 81 48 1 34 78 71 64 38 78 48 47 67 16 
67 47 43 75 79 37 45 16 10 58 59 11 71 55 19 81 22 30 25 74 45 51 59 86 34 11 33 83 39 10 95 72 78 38 35 52 59 1 5 96 52 67 66 38 32 72 71 10 40 13 3 84 86 39 38 18 63 78 29 97 75 9 87 26 34 97 21 24 21 70 97 46 88 45 76 99 17 17 45 63 
76 25 67 3 20 6 20 5 66 21 76 46 80 95 18 77 63 23 94 80 96 25 33 19 87 12 75 51 47 54 90 72 92 11 22 79 50 66 91 22 0 3 33 39 67 77 97 80 26 29 98 86 87 58 91 2 3 15 81 66 23 80 46 15 6 44 40 73 0 55 91 88 22 77 75 4 28 72 76 79 
78 43 43 14 7 99 26 47 23 21 14 94 74 33 50 54 6 63 39 4 47 4 65 1 25 59 93 2 21 5 34 72 31 47 0 58 46 66 11 17 56 89 3 57 95 12 26 98 44 31 57 33 58 31 6 46 94 65 79 69 42 21 47 14 64 10 80 74 95 35 70 14 10 58 62 34 23 45 25 13 
20 88 2 36 80 46 36 25 23 0 20 46 47 93 54 59 70 61 88 62 30 50 97 60 68 53 69 36 61 91 17 13 39 6 96 55 40 21 71 49 68 3 42 54 92 14 83 49 72 81 65 50 10 88 69 53 45 14 35 81 2 84 94 19 19 65 39 33 88 34 47 41 0 65 28 89 54 92 61 5 
95 72 45 3 31 6 38 76 54 2 86 27 12 42 85 86 66 18 24 63 87 68 30 28 60 88 75 16 20 90 32 97 1 41 74 3 50 93 9 30 98 19 99 80 96 56 28 50 83 96 12 44 24 75 46 2 47 41 72 89 27 37 69 97 55 0 25 31 17 14 20 74 71 50 14 54 99 89 64 76 
76 62 86 11 44 71 95 73 52 17 85 90 36 41 51 84 2 95 59 22 42 3 83 84 1 67 54 16 69 38 88 34 67 42 43 1 39 67 97 76 47 95 34 70 39 31 38 47 72 70 10 37 65 36 14 95 50 53 25 82 72 37 85 69 53 61 75 12 94 8 41 66 38 50 84 57 73 7 67 6 
92 27 73 93 40 87 93 52 76 12 72 92 23 49 95 12 19 41 3 82 48 18 80 89 58 9 97 78 67 51 18 99 82 87 13 75 99 50 30 32 13 16 24 88 46 70 47 99 90 26 38 31 61 5 81 56 89 79 27 58 86 77 3 97 65 97 22 85 18 34 60 7 57 75 41 17 27 67 34 65 
99 92 26 33 96 95 3 26 42 79 64 29 2 74 55 32 54 5 42 83 34 22 56 57 35 35 79 79 75 43 70 76 11 58 43 55 5 45 26 6 52 37 22 71 28 87 4 22 74 35 74 60 58 18 60 61 13 89 31 11 96 8 58 32 85 91 42 73 33 81 60 62 82 6 26 23 0 52 37 91 
94 26 46 39 27 74 41 94 61 39 0 40 19 86 23 41 91 90 98 91 17 32 21 91 47 46 62 7 77 3 38 63 26 86 5 87 22 7 65 98 43 80 68 57 22 64 20 51 14 71 27 30 93 83 75 52 98 16 85 98 70 1 58 64 32 57 6 83 4 16 88 79 96 41 11 46 38 75 97 42 
20 9 16 68 10 76 9 48 45 89 42 36 71 97 85 26 61 46 77 26 90 20 93 69 12 51 62 96 15 13 30 24 65 27 75 21 58 27 84 30 76 88 83 22 31 38 31 62 26 34 36 45 62 79 54 34 29 96 16 58 10 15 96 7 63 85 84 98 2 70 95 80 9 54 18 24 9 51 69 73 
42 62 91 42 47 76 50 5 76 27 0 23 76 92 77 12 81 68 24 70 60 38 33 8 27 68 33 99 67 76 81 59 1 79 8 63 93 21 70 1 65 77 20 49 22 89 83 99 17 51 58 0 23 37 2 22 72 94 54 58 0 37 14 24 43 55 0 19 38 76 48 39 5 48 49 9 10 7 89 26 
56 51 32 51 25 2 55 41 59 15 96 34 53 53 0 40 25 57 76 85 86 2 60 60 55 38 16 68 91 19 31 36 13 22 67 72 17 63 8 64 92 55 69 60 90 71 23 8 35 49 44 42 60 25 93 57 26 97 99 84 87 68 96 40 30 65 43 73 20 68 84 48 28 39 2 22 56 49 1 48 
47 45 52 17 23 88 83 23 30 69 60 35 65 31 34 56 4 54 89 60 95 50 92 85 63 31 94 96 50 4 80 82 34 70 77 57 62 86 0 73 60 42 39 68 18 27 55 2 45 44 33 17 55 22 49 67 36 25 5 79 22 64 35 30 28 52 51 12 24 52 74 75 61 45 12 12 19 56 13 47 
93 53 40 44 36 92 10 77 91 17 63 3 99 5 95 57 65 29 73 38 62 11 26 37 98 85 74 43 15 15 4 34 28 4 7 28 27 63 29 80 63 42 98 97 35 83 90 36 75 46 12 23 92 35 81 66 10 50 29 71 79 36 89 57 37 26 19 95 12 5 93 93 4 54 24 94 55 14 94 55 
54 8 26 2 33 81 7 98 48 14 72 5 43 61 25 97 95 45 28 97 0 91 86 71 12 78 61 94 34 39 32 5 32 31 2 20 83 38 7 29 42 44 27 3 73 89 53 3 55 30 45 4 6 53 36 49 63 65 26 89 66 77 45 50 3 46 99 45 50 88 13 82 12 78 52 40 51 99 86 87 
15 71 94 71 1 74 18 25 24 68 6 14 50 34 85 74 83 13 51 2 90 41 72 52 5 24 90 79 6 54 35 32 10 78 18 63 87 56 75 78 85 9 45 37 93 94 39 98 45 29 74 82 86 19 74 15 11 32 38 78 27 99 71 83 41 4 79 26 62 76 14 57 68 52 32 82 54 8 49 47 
59 53 90 34 33 79 5 14 2 67 84 80 53 53 43 85 78 88 12 50 27 6 1 47 91 51 44 14 82 30 0 17 34 77 86 53 80 99 41 34 69 43 42 25 49 88 42 15 57 49 42 37 46 1 37 5 90 52 41 56 57 23 65 45 36 67 99 12 44 8 42 41 93 63 45 92 21 67 90 21 
