500 534
500 527
500 505
500 500
500 557
500 517
500 577
500 502
500 484
500 564
2000 567
2000 545
2000 568
2000 522
2000 514
2000 626
2000 572
2000 568
2000 621
2000 497
4500 741
4500 655
4500 623
4500 640
4500 694
4500 596
4500 651
4500 596
4500 668
4500 637
8000 877
8000 781
8000 812
8000 797
8000 746
8000 818
8000 791
8000 818
8000 795
8000 813
12500 1306
12500 1130
12500 1145
12500 1073
12500 1251
12500 1229
12500 1181
12500 1062
12500 1175
12500 1196
18000 1620
18000 1450
18000 1634
18000 1553
18000 1612
18000 1719
18000 1610
18000 1649
18000 1660
18000 1582
24500 2124
24500 2686
24500 2377
24500 2105
24500 2308
24500 2549
24500 2359
24500 3158
24500 2132
24500 2077
