500 38
500 43
500 56
500 38
500 38
500 39
500 37
500 38
500 41
500 37
2000 254
2000 242
2000 243
2000 247
2000 244
2000 244
2000 245
2000 248
2000 258
2000 278
4500 811
4500 784
4500 851
4500 789
4500 809
4500 793
4500 793
4500 797
4500 784
4500 784
8000 1876
8000 1855
8000 1869
8000 1844
8000 1853
8000 1853
8000 1846
8000 1873
8000 1865
8000 1871
12500 3621
12500 3615
12500 3614
12500 3609
12500 3678
12500 3693
12500 3648
12500 3670
12500 3687
12500 3658
18000 6357
18000 6370
18000 6325
18000 6328
18000 6335
18000 8762
18000 6299
18000 6385
18000 6370
18000 6401
24500 10342
24500 10445
24500 10331
24500 10329
24500 10383
24500 10420
24500 10314
24500 10334
24500 10293
24500 10379
