500 378
500 381
500 358
500 384
500 372
500 377
500 350
500 367
500 405
500 383
2000 404
2000 418
2000 396
2000 412
2000 415
2000 413
2000 398
2000 400
2000 434
2000 430
4500 533
4500 499
4500 533
4500 548
4500 541
4500 499
4500 497
4500 540
4500 489
4500 647
8000 789
8000 840
8000 822
8000 709
8000 803
8000 788
8000 716
8000 797
8000 754
8000 827
12500 1408
12500 1161
12500 1341
12500 1196
12500 1180
12500 1271
12500 1243
12500 1279
12500 1365
12500 1196
18000 1978
18000 1895
18000 1816
18000 1912
18000 1785
18000 2041
18000 1817
18000 1979
18000 1882
18000 1870
24500 2839
24500 2702
24500 2800
24500 2772
24500 2854
24500 2745
24500 2720
24500 2845
24500 2713
24500 2771
