500 229
500 226
500 215
500 214
500 210
500 244
500 236
500 251
500 226
500 228
2000 296
2000 282
2000 280
2000 461
2000 281
2000 303
2000 299
2000 278
2000 290
2000 288
4500 433
4500 463
4500 481
4500 482
4500 495
4500 467
4500 454
4500 495
4500 459
4500 492
8000 764
8000 770
8000 798
8000 715
8000 820
8000 782
8000 790
8000 782
8000 803
8000 763
12500 1288
12500 1219
12500 1301
12500 1242
12500 1270
12500 1215
12500 1175
12500 1219
12500 1299
12500 1308
18000 2063
18000 1962
18000 1921
18000 2025
18000 1847
18000 1898
18000 1966
18000 1969
18000 1970
18000 3373
24500 2900
24500 2913
24500 2929
24500 2827
24500 2843
24500 2948
24500 2791
24500 3623
24500 2821
24500 3167
