500 125
500 132
500 143
500 119
500 113
500 126
500 155
500 110
500 122
500 146
2000 277
2000 279
2000 252
2000 322
2000 274
2000 242
2000 293
2000 294
2000 268
2000 246
4500 622
4500 604
4500 641
4500 578
4500 656
4500 561
4500 760
4500 632
4500 615
4500 583
8000 1294
8000 1296
8000 1282
8000 1324
8000 1240
8000 1178
8000 1338
8000 1146
8000 1293
8000 1090
12500 2091
12500 2196
12500 2094
12500 2073
12500 2151
12500 2053
12500 1978
12500 1946
12500 2125
12500 2142
18000 3330
18000 3299
18000 3432
18000 3389
18000 3274
18000 3527
18000 3459
18000 3376
18000 3462
18000 3411
24500 5427
24500 5296
24500 5241
24500 5224
24500 5205
24500 5349
24500 5361
24500 5394
24500 5196
24500 5495
